"x"
80.1707067526877
98.5140094533563
128.849187586457
166.80782175714
81.3255571489482
81.0786115936935
132.372996676713
112.277721427381
99.9948682263494
105.725572817028
102.172877080739
129.340435285121
110.407241340727
61.3932105354576
72.44015596807
54.8599889501929
75.1511241309345
68.1900449949579
109.338670410216
116.922542732209
105.684905579826
72.1395972184837
77.8024332707337
131.44553694874
113.730578960801
85.085370298475
107.872083410621
82.1335827931762
109.392533265054
99.6371972374618
81.5002167532704
76.7467488534749
78.4935098869269
56.8541774526238
60.2762975730002
89.0085598453879
73.7493362874675
114.914092547855
123.702307231724
67.7779025398195
138.629125803709
74.1753953509033
125.987586379051
32.1536486037076
92.191968485713
122.186947893351
125.001583155245
93.2647925801575
83.0767941988942
86.8982786536331
43.4694188213205
80.6423044245589
81.3970134370373
109.808749053627
71.1572973057628
117.071076948196
131.564531370383
92.2829873228968
125.435304455459
95.340236928314
114.217112213373
112.338752299547
118.2632856071
103.932570014149
61.4707171488178
106.913215760142
82.9275638796389
64.5556445233524
102.93331220746
74.2987056219695
107.150529231876
83.2493674010038
106.795884761959
70.7640824839473
108.951617963612
73.1769599398491
67.3806150443852
25.1758623868227
118.457742221653
117.403378244489
104.029022250324
147.289445429089
125.717983208597
110.703798476607
141.111611870525
88.7702383100986
62.9863335867515
104.116277551963
69.9957431061939
115.985503140837
94.3743072450161
81.5314592793584
71.8945705995827
99.6482688002288
41.9582569893917
81.6904020366253
77.5378631427884
98.374392827249
79.6292736195028
77.0668783442949
95.3742245212197
88.1288722157478
63.3675134714936
88.1334060803056
80.2808956687224
111.342969467678
127.618172112852
103.063414762857
144.177507786992
101.900890935212
91.1944893188775
93.4224992990494
51.2968135708359
93.0577646009624
84.7224229598627
118.284827005118
113.179440330714
122.781256076437
89.8392421960645
91.0072574391961
103.319710493088
120.087478868663
59.2212870717049
105.027971044183
108.380432799459
103.133425302804
97.3346483893692
104.876461531967
114.119356777519
90.7324247062206
78.4486379474401
99.2585542611778
106.395888514817
136.089337524027
114.24294160679
108.949490450323
92.8749372953513
64.8613249883056
101.940415333956
50.3281119279563
119.38255270943
100.576121360064
89.8977001197636
72.6504899561405
102.126543503255
85.1735190488398
113.548881746829
53.4207109361887
105.086620058864
131.645838823169
98.1856538914144
101.943514030427
89.23933012411
76.7291288822889
57.1041255258024
101.135164456562
93.2758954745333
101.157345343381
110.032689291984
133.184289280325
71.7281762775124
108.031647417261
99.9356287997112
103.823908045888
145.792920947831
123.064301628619
90.7131446525455
73.6453091725707
90.1643891853642
112.026470920023
110.777479130775
102.899688947946
95.7176810537168
143.135354571382
112.137882318348
119.231281429529
74.3595281615853
66.6448824107647
116.586269624531
114.634998887777
87.5928774526311
103.99818951264
112.60849153623
86.7662702687085
81.7805590108037
168.274816862288
117.578437086195
73.7703001126647
90.6825697049499
109.299073368311
150.368341505676
128.96690228954
49.8569819144905
137.082668673247
114.117240533233
91.473450884223
63.8919635675848
89.1339427791536
116.290676221251
143.32597088421
135.271423030645
118.14541798085
83.9146569371223
115.647726785392
75.7412719540298
94.8241599835455
66.2171447649598
86.7899382486939
92.8512494079769
118.138781469315
141.089237264212
74.9687339179218
116.00142987445
122.244885656983
84.2178295366466
69.9718746151209
149.061725333075
134.13064526394
87.9580064676702
98.3559318818152
76.1012554168701
76.7803955766562
71.0251744836569
117.255683336407
82.1369388140738
118.362629786134
61.9148442521691
81.084927264601
125.926194339991
124.496786575764
70.4789340496063
119.092637859285
61.514827888459
88.3365209214389
61.2232787534595
107.735880731821
99.6026191859906
82.7474887482822
117.238290421665
118.751336075366
83.5155989043415
172.716830476167
50.3278154879808
106.763675131697
78.0389214865863
66.7156500741839
81.0841495171189
115.727226156741
58.2482877777972
95.0521538965404
96.6796212829649
90.877740830183
24.2422335528716
114.769733324647
119.930559210479
92.7802162244916
124.803905189037
85.8178845606744
94.1612471826375
122.173136658967
149.00065845901
109.442100021988
121.738756199012
113.798759318888
115.630200784653
121.211826615036
113.239129446447
112.259636260569
83.9580565180457
116.839473601431
66.1804337985814
81.7817335017025
111.60007603066
57.8900753020705
89.6600166335702
83.3357791324148
85.9301587566733
88.9431340844175
100.849168561399
120.766685344279
82.4074186288034
119.843775033951
129.323742818087
97.0566989853978
117.00709881261
148.529311074855
93.2515321299434
113.750674389303
99.8614017851651
79.6252105385065
104.99216588214
111.035654973239
156.08257075452
57.7793156728148
140.080323052261
84.4689239747822
91.27186704427
109.438493754715
82.2242393158376
88.3345469359309
62.7645392902195
102.652067318559
117.353144637148
88.5615295730531
109.255845658481
87.9598943516612
157.083325972977
85.6544721871614
109.23025123775
78.7266300991178
128.869249019772
81.2279944308102
91.8130729347467
162.736463352087
54.7954563051462
69.7731617651426
83.3209012635052
58.749205712229
117.332735678872
111.160282418132
49.7592998415403
89.0265645459294
44.4204981438816
71.3651899248362
111.817862465978
65.6076976835084
115.064652916044
95.6169968470931
102.443841006607
113.544395845383
137.001359276474
74.2431727968898
102.326169237494
70.2926689758897
94.8582378216088
104.595053382218
111.413750704378
95.1411405578256
108.101770464119
87.895555049181
109.215368159262
127.028439752758
102.223745496756
104.519892204553
124.338809400797
75.4817483015358
115.445948950946
81.6682496108115
123.560536466539
144.244463188491
86.7272832430899
108.1008780969
79.1869631037116
118.862241506577
116.123393271118
122.859125118703
100.325836241245
87.5486225821078
121.739500015974
103.868757747114
63.0087212975991
99.9268186278641
109.642867930233
136.194253154099
100.156136974692
59.8918011412024
105.75962793082
79.0144026279449
114.913242076417
51.8983892764374
96.4944410137832
127.076597698033
119.029034022242
103.984040301293
132.169833220541
128.633564710617
118.136262986809
110.501402709633
88.6280653998256
79.0482647013292
123.702379968017
77.3528960300349
81.7762453109026
115.250533074141
91.6201696044686
59.9506698548794
96.0175379179418
111.896369419992
113.630806289288
117.181177530438
15.0851943530142
89.3201004091414
49.8005088418722
90.1877637952566
95.3737027011812
123.376877326518
112.91103689
54.1157739530543
113.328378740698
114.632230810821
81.5891574611114
109.06588723883
136.790690384805
63.715145457536
80.1529087126255
110.733189774191
113.954258617014
103.703744709492
133.232497423887
78.6254745908082
58.6058120243251
73.5540802912799
59.851889219135
84.1287528164685
99.6448699834321
78.0653483234346
132.90300173685
128.679332975298
117.480582464486
95.6411552615464
73.6763168126345
98.5595654644196
82.8766650520265
105.210281442851
137.851675227284
122.537452634424
104.254574235529
106.466489098966
99.2563737978319
42.6766948426737
90.6696289777756
95.7193966023624
92.6842631772161
112.035552505404
124.226603284478
86.346822232008
96.5380138717592
57.289170473814
90.8531304448843
77.8670669533312
69.0896828099928
97.6187813095748
52.59243035689
105.921486858279
104.305460955948
105.690985545516
119.194599799812
71.6819875873625
106.79247434947
99.1701339371502
78.2586097717285
125.532326940447
94.4855981506407
99.0119717083871
134.577062632889
73.1733051128685
86.6916463713957
112.170681916177
151.723928182366
128.472678177059
71.6791492886841
95.9994203411043
113.448622077703
85.4870635084808
100.053771705927
75.2647323690875
118.475159909576
74.590262118727
68.4397409670055
141.745984193637
60.7085362271926
78.0521128326654
59.7447352483869
63.0085382610559
61.2219378352165
72.1707221120596
70.3185137848858
148.662761590424
138.34286769852
109.787509590387
105.573770404619
63.2321949116886
123.358974140137
109.401145018637
109.079529251903
110.110483318567
108.358656149358
95.0906849056331
83.9326704852283
125.615457072854
25.3913103897482
103.537394292653
108.329152595252
87.4155284836888
114.527042582631
77.5747710838914
70.610055886209
100.684447120875
123.183586634696
126.314672268927
91.3579769432545
79.4707960449159
80.9492869139063
100.42011262849
93.7010521069169
65.6414953060448
90.4127065092325
118.058500290818
117.598852422088
95.6382883712649
92.1405692584813
110.364841101702
102.585425041616
143.500137034991
94.2778389900923
112.815309967846
98.5078271478415
127.861289680004
128.501354344189
51.7248176390498
86.8776874616742
110.315892286599
81.3228303566575
88.8699983246624
145.029774299803
101.978812459856
138.297611195594
91.168316360563
132.028071582317
35.9752151183784
104.170655179769
90.3340414166451
68.4574035927653
123.459519352764
112.570904381573
140.646081674046
88.8272646814585
123.667718283832
108.709991909564
71.7224584892392
92.4001812799962
92.8991517052054
67.6539047621191
69.3470451049507
109.223714470863
111.503812298179
92.4722828902304
79.5700820728808
112.135191448033
84.2355734668672
111.180144614482
83.2304175011814
65.1848497800529
128.652832191437
129.957582242787
128.872384782881
111.074652057141
89.8759454488754
42.6278109231838
135.334688890725
77.1784929558635
107.138371305461
68.3422785754189
77.4050431402304
74.8978539867404
81.7628330551088
55.5968665892534
89.7056259214878
105.949833709747
74.3451866321266
94.9823060072958
132.167416904122
71.1797689087689
73.1821763329208
43.6069371382052
108.216590620577
99.1530853343957
141.438970524533
107.076006848365
114.600907824934
156.969817133891
76.7695837654173
88.9903659932315
105.316608399153
94.4878569804132
110.508511122316
114.347241073847
62.4509041211104
119.349147565663
109.141799621284
110.775513760746
114.498569613591
52.8516479767859
113.398065790534
119.560298416764
68.926424626261
84.2504972591996
97.6608115277049
111.835836898535
94.3011137656868
95.2915102325429
102.672928292304
73.6104346028891
71.1417612605826
96.5308282524347
91.6048740940125
103.606841806322
83.6100330576301
131.924566160887
107.215924720734
85.1278600282967
110.405571758747
94.0536455251276
115.268843900412
66.8454793281853
58.3684890531003
89.1054697334766
99.122775066644
83.6733454838395
36.6170729687885
63.5458496399224
97.1686636958297
111.189452372491
79.9231951124966
97.6504642516375
90.0902655110506
45.6208640578745
67.4034876039877
118.075703270733
57.2231840420345
122.043488360941
81.5137110650539
65.5516269616783
132.927317451686
169.401242966624
93.3107362128794
90.9722726792097
133.853076584637
118.344657123089
74.0788290277123
86.0676921904087
105.500296410173
143.560807903103
107.851841673255
107.391998544335
124.113535508513
73.0968391522765
101.776817627251
82.0804130548766
64.3124586902559
104.69282977283
110.518785659224
106.196333733795
133.804639894515
127.974737684057
108.779241051525
84.1046683496426
87.2469215653837
102.309596166015
85.2908906699902
93.5124155133963
94.5273867808282
76.0656205937266
65.9306324916649
60.3006137534976
79.2789653874934
87.6541673205793
78.0396057373236
94.3369448184967
95.6525634974241
98.0336662381887
104.658636823297
87.4971480108798
65.7358549535275
103.816514275968
120.982981845737
61.2722994759679
137.259630765766
93.2518001645803
89.7307830862701
130.399713665247
139.185339606703
80.4194918833673
38.4897681884468
46.7872876673937
59.5549686811864
110.985560528934
106.498860009015
108.533817436546
105.35000031814
97.8064126335084
126.067498605698
70.1320086811359
48.3800527174079
111.709813587368
92.4801294691861
72.4044818431139
82.8638858161867
96.4217493310571
92.0614003203809
86.1641648225486
118.386051617563
123.522267490625
167.947867504301
66.2752830320411
137.353229802102
113.685776716769
50.8289237187749
114.169122092426
103.669801447541
104.434900544584
96.8760877711009
60.6815729290247
137.934467289597
105.945900252012
105.335702840239
119.401577766985
149.059812103181
121.698952838778
85.7461056604617
89.5003042325391
74.3552130242474
110.473010197653
111.58236078918
69.6377798914909
65.2384847402573
107.984962221235
74.091549962759
106.306342873722
120.166625734419
118.509838081773
124.639593623579
98.7813976593316
45.0319080613554
130.312983039767
66.5432376972854
119.178630596869
142.662448845418
106.701335683465
97.5100887129703
107.248281594366
78.2441576011479
61.9892973452806
36.9960309892332
112.325025815517
64.3677214626259
111.828790605068
111.213538888842
53.8762023672462
129.248743930362
82.2579846717417
115.601175702126
116.143854913079
71.1529590860996
103.761531505734
79.3953475532219
112.655424233526
67.7135335528458
102.017957810313
136.264444701374
109.363815095276
89.7892486304045
102.992111537606
87.8472498618066
113.812593836337
67.8802879527211
100.225076172501
103.818512987345
57.7656651847064
58.2536332662703
142.336344127609
56.2829095468176
20.6712647253413
83.2017871551216
104.919408075511
123.83008338511
101.871054247022
97.3999042063951
90.3494213845209
135.388081893325
98.7032481469214
122.693495918065
81.8527433089912
96.7111991718411
108.556682616472
111.286225449294
95.7095170393586
81.1354204427505
109.019124973565
115.756160300225
59.3941160477698
73.8697701133788
147.963708258214
118.878710935679
82.9269812442362
68.1319119408727
139.333391613832
85.5968688614666
122.378662787378
76.889009680599
83.9717546477914
112.740433402359
143.62362601067
126.963594765046
83.7619454599917
113.703755009919
90.1944522161523
97.6152231916785
95.730806607753
98.6600669100881
122.620248049498
119.425564259291
93.8203254714608
97.0382751896977
76.047189719975
85.4575945947791
79.9167677760124
101.568487565964
51.0567866265774
100.731679983437
93.3109439909458
95.9213281981647
141.531265767501
50.3534038551152
94.7164341807365
139.126099424632
137.662073131651
92.4470952711999
111.612403579056
62.7433098852634
125.572763290256
117.881594784558
60.9659830884918
108.818479906768
77.6994507759809
133.033681940287
65.3288252651691
82.1324313468434
63.7860241346061
59.7113819792867
65.0962999090552
126.194265764207
103.789801429957
99.2204558478254
92.3098994418979
123.329969868064
68.410028796643
131.77377358079
145.11499499115
73.324784077704
97.6866190321743
103.530134631667
116.771645005792
66.9691217131913
98.8640154711902
81.758458827474
61.0628957112881
82.5558347627521
81.607994902879
64.1552443616092
145.030217910529
83.0045672133565
68.5676037333906
68.3587523177266
112.935255933553
112.964003812522
107.090300228447
105.991537496448
117.393092159182
73.6325884237885
73.0888130143285
135.267009865493
103.89110147953
98.546900972724
102.208891045302
126.891199499369
96.5385314077139
57.7156181447208
53.0565324829172
92.5848289392889
96.6636513359845
56.3203433300678
112.883020378649
101.866871677339
102.615575771779
82.0252723991871
87.1981790289283
121.056128293276
123.912717681378
109.05452221632
63.7527536600828
83.7463336725093
118.897987809032
98.8131925150296
103.492646332259
146.2626139646
78.2422012649477
99.0102824683553
54.4392622075975
46.3294123766104
82.8957447782159
165.510523894431
111.834088154137
100.366090424359
120.83381479606
72.2928030353971
100.350275989505
106.963749465441
98.3571985736489
121.968060079962
103.649492003024
118.676168844104
77.067849971354
60.9378671273589
93.6519673094153
93.5952817089856
120.270312391222
136.409144941717
94.5986911654472
82.6253097504377
120.042076613754
145.967518676798
97.7014772593975
103.180061137584
62.8401543016549
109.62228840217
96.1444376036525
49.8124169185758
64.3373942108354
93.4552725404501
90.3675572015345
106.78743366152
75.3453757613897
101.774082425982
90.280775167048
96.4060435071588
97.5338108837605
86.1862481571734
96.7254283837974
102.237180806696
76.1913154274225
102.262346167117
55.0996284931898
148.607872045579
115.479500704011
80.3117895141453
93.9115202054381
65.2731056325138
132.265046611428
110.451674740762
125.664224916375
119.097456972994
62.5808636657894
118.439937476069
59.1955300420523
130.382211972028
124.303872697055
90.6354552734057
53.0920549295843
56.5415728705083
58.1943415105343
91.3034696131945
86.1371823586524
133.231150731444
101.618578378111
117.207176238298
74.850223120302
74.0346225909889
97.562600299716
108.965935464948
108.244927227497
130.304927844554
72.9737830348313
91.371092852205
104.777259286493
130.802923627198
117.247250769287
104.776234272867
129.767532553524
85.7147502712905
122.2990709192
96.1164952255785
140.435152104783
106.702250614762
110.924842488021
88.2012628950179
96.7935933327084
100.959026621912
111.417631059885
116.226013563573
63.8845634388809
122.094384208322
84.9964204943494
113.4540643543
88.5191465727985
120.301406644285
129.884852282703
118.372565601021
59.5641712658107
136.654479056597
95.9986287169158
146.146253115478
100.501298438758
87.9730506800115
106.087677087635
103.853980638087
122.695965319872
96.621170733124
74.4639463722706
116.867102496326
108.011435996741
45.5546130139078
103.382043447345
112.99253096804
95.8740774542093
77.5939993730933
100.399877969176
107.106075249612
131.17144536227
86.0890192911029
75.3981684334576
95.6890166737139
66.5576237253845
127.055467385799
51.2960935942829
103.394879526149
62.5716850161552
51.183236669749
77.7289926074445
86.2368888454082
167.496921486201
115.254839323461
98.0865098536015
92.4223888665438
70.8684987388551
75.4127591031837
116.290790960193
90.6844546087086
57.1648876182735
78.7934495599696
104.695998784155
136.873240023851
60.6667374260724
83.3248570561409
102.8763378039
99.8423879034817
121.943544223905
79.3544010766581
27.5309383694077
110.899635776877
84.2817792668939
123.247311809974
80.5301332846284
107.450362015516
123.174303863198
96.7824843017158
61.7882052436471
79.8824727329866
143.665479024134
137.49323328957
42.5631226971745
51.3678367249668
136.734707094729
93.3696502819657
63.2151862606406
29.6308927231297
109.309467114508
143.590122452917
102.145267178867
88.1826110184193
123.27043376863
72.4691872484982
61.3792601041496
105.23781562224
90.7160057686269
111.629601485001
114.085144270211
64.5244565792382
91.5922484360635
107.812067680061
90.6874878332019
117.241389304399
99.4194763712585
80.1020862534642
62.5859281048179
133.005974907428
91.6844204999506
77.8542925603688
83.5477022454143
80.895294840054
70.2873343601823
100.825848709792
128.588062152267
141.654292017515
92.2581814229488
79.4187801890075
34.0228746645153
102.128081582487
59.1522336006165
51.9380555109004
75.6600248627365
92.5174321979284
72.7078134194016
54.8140458762646
100.412150099874
88.0067689045123
125.318222306669
114.691844533251
119.331426671761
143.831995679977
71.0083802004607
57.4172474443913
95.000210805762
69.5156931813006
92.2215025871992
132.174316514283
92.7152303978801
79.4244642369449
165.428083381596
56.6628711298108
93.9982913434505
104.894978459924
125.510429125279
49.3070837110281
92.5392287606004
147.938560197373
120.823997724801
91.2951815873384
41.3903714304978
87.2425425797701
62.2485832633035
51.8082900904119
96.4016236364841
115.494257766536
70.0151896104217
137.902923952788
91.2534732371569
124.1385624744
102.565278857946
79.890195466578
64.8410456255078
83.3712543360889
104.485533479601
97.5881791673601
112.267148308456
64.998038765043
80.4432735778391
69.8605800047517
128.37934140116
137.457046192139
114.974157139659
129.432580713183
122.543727792799
131.978004798293
89.0072110988688
99.090679641813
88.9052219688892
116.514836344868
80.3405430167913
111.496997158974
93.1529808789492
116.500681173056
131.161669827998
84.1689620085316
114.033998548985
131.768877152354
71.3935037143528
109.498650579866
103.926416207105
104.981126263738
93.952620960772
63.9171681366861
109.836425632238
87.0714092627168
98.7017452716827
150.529314755442
108.313306069729
89.6265204995871
97.8263572789729
86.6947622969747
56.805866690179
71.9939311034977
87.2590769082308
92.7260766737163
105.859825573862
77.0013612695038
123.736094590276
86.4804625870565
113.484070170671
80.9085429766523
91.7557017877698
71.4404661700723
125.008248072118
114.879114925861
127.624550182372
92.3621636815369
103.562147729099
107.86549160257
111.038285773247
96.5368904173374
108.815153874457
81.886506639421
132.502001803368
69.0383889712393
32.0792458020151
89.2429498776402
107.785185612738
73.7933826632798
110.737197939306
131.33199531585
47.4163484759629
135.076912026852
105.628467164934
88.716493640095
150.103471699713
129.093727217706
132.043762784451
122.257783915848
135.096602234989
114.276594202965
79.9979430563521
134.437345620245
65.5074936337769
100.654020439833
82.9650838859379
127.586638275534
94.6789392270148
104.988187737763
101.97600925759
119.663190469146
81.4879415556788
134.842428378761
121.773995230797
117.378940075917
122.132695745677
95.139326248318
111.070776730776
113.945937622339
60.9104512259364
87.487055940597
117.734373360872
82.0317697711289
127.41329614073
109.569808723636
122.03826200219
111.513072066009
85.7150435540951
99.0489630028605
104.837487544864
116.262740362436
110.966495610774
140.812533320389
108.872312121093
124.985667970031
102.152120042592
103.85044682771
110.598748829216
123.295792192221
85.8753379434347
77.3684907704592
47.1025583334267
121.125937066972
96.9937741756439
93.419555015862
126.325486321002
73.2487127184868
127.409040462226
94.5697286166251
74.6189369820058
90.7504113391042
107.753000687808
108.37362119928
111.988135054708
76.2873232364655
68.5434622690082
95.8391486667097
72.8196317943231
107.417093310505
94.1608745604753
79.7092259861529
95.7226766252725
103.857256658375
68.4492943808436
102.070438768715
63.6193512938917
79.9972628147659
48.1848752516013
85.8216044717878
100.054222844084
57.3756283149123
72.5991630593121
78.552065603435
98.6151119694114
112.262343708426
92.1990711241961
69.587619651083
102.947728020994
124.684456549585
119.695842918009
133.134863762503
94.4945747032762
120.886569563299
121.292672306299
91.1629963666201
120.591063518077
79.9066794104874
122.750099655241
116.856093145907
118.510351143777
103.181405737996
53.4408380277455
88.0977170541883
91.3052447140217
81.2757748179138
94.6965843439102
75.9650926105678
110.383309423923
95.8743532188237
109.108768310398
91.395237354951
89.9619317613542
151.400027752868
67.9308606311679
62.123040103282
123.261991981417
68.074209894985
103.012600447983
105.344863701612
43.9929591491818
105.17239475238
102.175070717931
93.701971322298
116.058175638318
81.0538338969006
99.4019344449043
95.088735036552
134.381728246808
98.742400814094
38.3589120656526
63.3565746380756
114.739224780351
97.135943826288
82.5980954803526
103.172379639
110.980809200555
89.6670705638826
50.0463495030999
78.8303856290913
106.815730768362
101.124779973179
127.147733792663
151.542945384028
60.2689236063354
125.620400160551
149.051141839141
106.661112140864
111.578597780317
93.8272526487708
117.062070313841
120.071812067181
137.89967354387
112.885573413223
96.2997037917376
63.5300043039024
95.5861222930253
125.650018081069
62.7759878523648
74.8722003093496
86.4934654906392
115.139838666488
74.4727746507138
69.9540537782013
47.8742183279871
136.760644055903
103.720083460212
107.435464207083
78.1831255182624
97.3965556360781
127.994104412164
130.604192335159
52.1893361583352
80.2448557689786
112.1208419092
150.130155245113
106.961763836443
132.778163161129
105.213068053126
121.960699837655
62.5537866726518
60.0519051775336
92.1464739367366
73.679650016129
89.688974712044
95.0943753123283
140.436459556547
77.4618067587699
115.051391218525
113.341164588928
118.32811543718
102.072119526565
83.3459012210369
59.9852613173425
115.312835760415
148.132146700265
114.242131449282
103.612198587507
96.3808665983379
62.586178816855
106.610358413309
89.1231592858965
93.5440321452916
151.734917673758
138.203890249133
104.099380224943
114.080293849111
80.2657663534704
65.7407632664648
121.2003963204
126.880215667188
94.3607905879617
83.7404445745051
160.073861810334
114.840713143349
100.030586589128
119.089351753282
123.159942962229
59.1808447614312
79.1411293670535
135.566675197333
142.866676292362
87.4846004880965
82.1829745716459
79.1142669506371
96.3837956078351
96.9940955750644
96.5219408273697
99.1886707954109
81.6335359057594
33.6857086922159
63.2828102087847
95.6431955099106
101.128492601897
106.80707488209
57.7332864515483
78.6741720462926
128.909564763308
116.642057429999
76.3205241411924
90.439527621362
105.34272165969
119.836300611496
92.6796480081975
82.3992585763335
77.2881967115371
128.040390647948
143.251136466374
53.5091831348836
64.5814672112465
107.83824948594
105.04429647699
73.8246160559356
53.7643902935088
93.2357674464583
80.9192298911512
87.0048849843442
87.8222498111427
85.9706658869982
86.5614103153348
139.496020405533
70.9049909375608
86.9555504992604
55.1373611204326
96.8408033251762
108.251429132478
101.216855086386
76.0257471352816
90.5470471829176
64.342087879777
127.158693596721
94.3835325539112
70.9876719358865
54.0257405489683
90.2649918968599
131.766926404089
104.548584684817
55.8144100110877
62.9047209396958
129.689878132194
67.6421792246401
100.144341774285
112.42637000978
104.163704998791
115.10863462463
87.4659676104784
84.1954976320267
59.2682496644557
114.694047532976
103.855705447495
117.16226246208
143.759110189023
97.9409532621503
117.626864928752
101.032977178693
120.768894255161
150.299893311205
88.3081598207355
112.050016131252
117.866548895836
80.7816848120062
108.049409836531
134.276111144572
99.3549099192023
78.6969941757172
106.332935765386
115.704313199967
115.72744557634
74.3321468122303
120.933209825307
134.048952441663
108.121769782156
56.297790844212
113.897913787514
138.118997588754
87.7364184707403
61.7394661530852
121.594906412065
96.2230410426855
131.903615966439
122.845316398889
126.461293268949
114.745951723307
129.387260694057
89.3042246811092
77.143245562911
105.473774019629
94.0109971910715
92.4130214007516
124.251967575401
81.1668562220397
59.4585402656165
96.4670998044312
110.057587642223
109.916121792048
74.5354304090142
85.6085760465637
80.4308445089376
100.079383328557
108.870160300285
88.8457895256579
52.30165091663
114.832604303956
68.9220445230603
99.2350712418556
121.864596438206
113.233700860292
77.4321418255568
114.070824626833
89.6407786756754
82.3649687134333
112.214954663068
66.0499109886587
51.83338071027
66.5986542276826
124.385040160269
48.4519058838487
158.662978365066
71.6146514751017
70.1281893223271
127.313175331801
100.755243841559
71.6531924808838
98.5200209543109
129.001935198903
83.8487442289038
102.461886033416
82.1060607209802
115.360075514764
100.571093708277
113.408433739096
90.202764980495
137.649880442768
119.384519383311
48.3665485582111
75.2388874816774
111.783125344664
93.4975756332278
71.4227040298283
146.022837633277
94.3609063513577
115.080007817596
108.539832618317
83.7270103394985
132.444384228438
111.20890500024
117.12681343779
128.798146452755
91.4377817133522
137.744603864849
82.3644894941293
91.3895170204341
122.900735773146
88.2035809569061
68.8519458286464
76.5053922852145
55.2980568259954
120.424430258572
127.035523578525
101.540184486657
49.043686112473
107.448639159937
101.996528357267
106.923300679773
85.0038677114529
49.8728587292135
82.797216810286
134.031141456217
102.676615584642
95.8317284052877
100.266600772738
121.215874888003
82.2065071202815
71.5570469575673
99.6504462324083
85.335017926991
117.961938027292
110.733375512064
71.9499072059989
103.36231244728
107.636599056423
68.2803043164313
40.998764305654
116.251624841243
89.5291741006076
47.5131371058524
99.9297929885839
110.678068269044
85.1654505357146
75.8888062089682
128.587103914469
105.928620044142
120.727269444615
84.5194383524358
76.9888835959136
96.3964688591659
95.8658451214433
47.8377155959606
135.631813667715
103.924403712153
89.2008874565363
64.5396278556996
108.587397355586
132.649106159806
62.3321329243481
67.6859353668988
78.5432306118309
97.3331014625728
100.318771228194
114.712051767856
109.928065724671
102.306146640331
134.779361914843
86.4427243359387
63.9526288800141
106.048074364662
121.110670734197
88.6465212330222
140.065414771143
98.5643902793527
106.752731185406
84.6957102417946
68.7440254725516
136.707397550344
88.7103355489671
79.379459656775
69.4679942539509
92.5032284110785
75.1929727382958
65.9352353774011
103.247911935464
98.3096611686051
159.591534536669
147.024929515066
95.9878010675311
93.0922240950167
78.5919711688599
122.126654320729
128.815036546439
110.41031477565
90.4657724230428
67.0239355415106
98.6165900714695
105.984603054821
103.110109642148
90.3232619882607
115.977921523154
106.076803989708
125.051503442228
123.33839032799
87.776055559516
66.3898872211576
131.748376693577
130.28351161629
130.376616120338
124.796918593347
92.5140771224804
59.9906644783914
103.242423012853
117.732051294297
113.421278167516
103.48888989538
54.0691848442905
92.3473743721843
94.8481416329741
84.56045454368
88.2684712298214
96.5063851999847
93.9293075352907
113.012316357344
135.155578237027
94.4027179852128
77.5417234748602
92.0131022240208
83.0475830473006
100.61841905117
140.583118996986
85.2086553350091
72.6955451071262
63.0674720607769
133.539505489171
98.4996085986495
76.5135111287236
92.9260979406536
119.548336230218
113.765881583095
126.932920888066
129.605046845973
122.09556736052
100.297253578901
76.0324174538069
140.675606095517
78.3602697774768
94.1460357047617
68.3071161696615
146.843346325625
107.34607540071
114.332686755729
93.8661215826869
58.3821954205632
40.7471652142704
90.6077072024345
81.8738796748221
141.241111970487
61.1577960662544
87.3384735547006
80.0432847812772
121.7598750256
108.338051196188
113.727225910424
84.4852176494896
104.667769931257
98.7072275951505
114.487658254802
112.795509025455
72.3295751364402
108.413585182279
140.649706853335
90.8857896924019
103.942590020597
107.443581148982
76.1220452137193
92.7382942289114
108.60946637539
96.4909886009991
101.348855253309
103.289601765573
100.810050778091
75.8031875826418
66.3832785413134
90.5017849057913
99.6696761809289
112.266922369599
59.1889636074807
129.974136687815
121.828221064061
99.6427196078002
102.149664796889
89.9515414610505
93.0719465017319
122.199429385364
82.0907893938641
101.054702606052
89.3259409815073
112.880253791809
97.566420212388
112.007628660649
85.0842298008502
128.202544152737
91.9662485830486
120.691761281341
91.9579804874957
103.430378530174
107.888067123043
95.016729645431
144.486408546366
94.0250904471001
76.2277152166665
100.425779912621
47.5147026591003
118.10853080824
98.5466117039323
94.3618398159742
123.30862917006
35.6160350143909
122.863053623587
50.2610329955321
82.1706423535943
73.4225910156965
96.7651396989822
81.2864763662219
74.1099286242918
71.9176631795055
118.11318686232
116.348435450345
111.546386126429
98.0089119635522
92.2381480224431
115.716771315783
131.018400844187
69.0659368108211
60.799241438508
77.8596522286534
124.051350541413
146.017607665601
92.4293525516987
99.8016407713294
117.033303249627
87.6588716025155
83.7886563502252
79.2175700888038
72.9105000384152
127.197877224535
98.8616057041141
95.1914606615901
113.662023749202
64.3709049932492
146.911323620918
90.3244783170521
87.2163156047463
78.6215634085238
99.6307165361941
92.3115842975676
63.4902371874917
105.447966512293
115.266273263842
103.769805002958
123.026102595031
106.74977870658
106.616924516857
141.161419070306
115.498908422887
105.262163281441
93.9149018377066
56.0076883994043
90.7131550833583
136.291927471757
130.49995796755
63.4011211805046
142.545635058525
98.0879950337112
66.4618745740813
107.95327548496
62.3031415045261
162.578790496018
75.8807399310172
82.087854668498
87.6171818934381
113.912333641201
87.0993318036199
107.098913285881
83.9088803286833
94.8477401398122
69.2667247727513
125.824813172221
40.9699191574533
81.4114372245967
102.868383005261
97.8032750077546
151.961973568112
93.2580165565014
76.8244729377329
72.2208076156676
82.7239817939699
103.485602792352
83.1401168368757
111.404041387141
95.3226173296571
112.406455128878
99.0065271034837
110.692635178566
83.7218954227865
102.671993616968
139.183552386923
130.672144237906
66.5820302441716
123.595991358161
121.029956699255
78.2937350682914
68.3153520338237
87.3680571094155
122.443243209273
109.600213542581
102.093593217432
118.046519253403
87.3118949122727
101.300004962832
98.1845166534185
86.902369838208
84.8528159276913
77.253296226263
146.825653556671
123.837283610847
86.3970157690346
91.2129747961277
116.008711978793
95.3891210258007
79.8158947378397
118.859173730016
81.9044917032782
83.8201390579343
112.529504578561
31.5665829926729
109.730985015631
108.868901524693
118.319236766547
116.795517131686
35.6373709611381
68.960983119905
90.2163080313369
75.6036031315224
106.464331317693
139.469150727529
99.531907774508
131.184004433453
117.717862688005
51.2951770797372
94.9575114995241
82.5350239133544
65.1101700030267
101.548132207245
90.9724158234894
122.054001875222
85.4071331210434
63.8068883063595
113.589463289827
142.546232967618
109.307117015123
107.667538836633
112.240463588387
110.936736594886
113.505267817527
107.495238952448
94.0593571402133
123.949079401791
100.610758364201
35.8341969516789
94.6919251233339
99.3349498137832
91.1264843307436
75.9904566991125
92.3411354422569
94.3173192630262
133.723699301481
78.7859588977807
114.163185656071
87.282571091478
93.0538363754749
100.070608593524
96.2807797775834
93.0756735615432
74.1709674708545
107.055676262826
50.4667394794524
85.044509555984
126.16245104
132.266368251294
105.321071948856
123.968483135104
152.117433018031
79.551500519475
132.440137211233
111.098922230303
84.1478310525417
32.7673415911185
116.304628085345
73.279385548085
118.653978593647
76.167818158865
147.356564604321
141.625847286525
95.8887888770594
