"x"
66.7958781232394
56.2586667372784
87.8460060063909
65.2504798024893
95.3679884551093
37.3858162528125
49.1924836300313
35.6349016539752
63.0856466945261
64.8915933910757
66.5136999450624
70.4765216913074
84.9746707594022
76.746136858128
65.6595703912899
25.7294722565296
40.4261598471293
85.0036311428994
71.8716747490771
53.4840143708995
16.9769181869924
69.9270034208894
38.7185574509203
46.6887636110187
46.5280591277406
50.8447607746348
75.1688272381447
62.5466649569162
68.8606359064579
22.8802730135805
65.1632419321686
52.1635231097395
58.7456457316875
62.2318944660947
44.8401985515639
44.167384528555
67.0072185108438
55.4287728251962
61.9372159431469
52.4601216427982
44.5614669955871
67.9525395389646
56.1166940024123
60.6817884603515
61.932776751928
37.8021657234058
73.133780923672
65.2604731267224
88.9944113972131
42.9047927654644
60.1510852575302
41.5639666607603
75.4769512452185
100.426143966615
35.5590504221779
73.9990244619548
55.3307567490265
51.1200094948266
76.4764450024813
67.2593580326065
20.7125671223782
66.7556938016787
63.8877271593845
66.8750803219154
49.1087220335512
49.5524126105011
41.2049036830629
46.6032876935518
48.4106557443738
40.4151717200875
51.6899023393197
60.193882137537
100.346799683757
41.4128156506198
28.5801112634766
34.3770515872166
85.8548430260271
28.2810959927545
44.9007616461687
22.2749882144853
60.865579228638
53.6105706123635
48.8911581225693
59.4247572356835
62.4971050070599
25.3414481246992
29.4212507084012
65.8870489569381
68.2169111212716
71.4528100797907
15.1292632101104
85.508973360993
66.4117697160691
32.6899611856788
77.6911099518397
63.0615364294499
74.0604927004552
49.9539163460825
69.1247006412596
98.7419611774385
40.3776939655471
85.9900390030816
86.5825838875026
57.3830958455801
50.1821742625907
42.5533140543848
76.5036263270304
69.544306692313
80.0787479616702
59.7282760341153
58.6329206027218
26.5342853950423
46.1462837726094
37.7533573424444
59.1324274661019
69.5936241885647
59.3499920418995
43.7489044287267
72.344466811046
76.8162421183661
72.1134913153946
43.6060485877632
26.4177335891873
48.145184176974
84.6226658904925
27.6991144806225
99.1532534128055
38.3064600639045
43.6314927181229
89.6781522547826
31.3943142797339
74.3163446090712
88.4292006725033
84.7951132105663
87.0160545763724
53.2076022354886
100.667332392186
80.8276701718569
66.8241467606438
40.1778739644215
36.5230002673343
26.0880703339353
52.9230571584776
64.0863327775151
48.9720031336736
78.7731435382739
57.6957756187767
68.8123198548994
80.5588129442185
63.8264290289953
40.9367672167718
39.06817487441
51.2748061912134
63.8480178778991
76.5597141114995
73.8013318972662
83.8356077671051
69.8582391953096
39.758126414381
68.2131808949634
41.0456128651276
62.4846103418542
61.967347062648
70.6878308672458
93.3904388453811
38.7786345323548
69.0760954886396
53.4210309851915
32.1158453198101
61.7698715987437
32.6066734967753
39.3950568744913
49.2598401149735
61.5701759699732
61.5675137378275
66.3908433867618
58.1987983868105
68.6982488259673
66.304390411824
25.2446449054074
63.7107253937119
74.8214083258063
72.0453524496406
65.7437010202557
49.3011328204557
64.7890897002071
67.054272419773
52.8660206822678
53.4489800222218
74.3675097590312
79.9674041569233
36.0166686424261
68.704749061726
76.3848780188709
16.6681790066601
41.3151608314365
45.7774219801649
50.0940690748394
48.9819171827385
64.3181112662206
78.004105668515
84.0165421133861
43.2827155804262
36.1720317509025
67.2165129398802
64.7720608860254
89.2249817261472
8.90859549934021
50.7454406702891
88.8068001251668
51.4465351151436
49.5686783920974
28.2794608734548
71.7139462474734
51.4707773759707
68.2029265434749
66.0266460618004
39.4778247456998
23.190005379729
66.9524816796184
57.4550747191677
62.2076190076768
72.3053470021114
47.5205555325374
85.7906667049974
69.4626514334232
81.1696376418695
59.8733325256035
50.9078609291464
63.9530714834109
37.4744466962527
39.1154791228473
84.5442702993751
39.7085364439515
85.2983683347702
48.744893213734
84.1388092143461
55.523837171495
55.9500017669052
57.4641990009695
79.3270924128592
55.7258983841166
70.982534182258
43.9566480788548
68.4262157231019
28.0268838052717
60.9264569047165
45.9757771342993
34.2052276013419
71.7747485730797
90.6102971406654
79.0912310677313
68.7799885869026
72.5231140153483
53.1720632775809
41.1006934242323
41.28054426983
92.2750390833244
45.3596810160615
75.9764391928911
35.9201601007953
43.7375037249895
30.1668171270618
70.2846659347415
45.8719174551931
52.3200198076665
62.4776332871988
56.617977633141
57.1559565374628
56.2501581385732
78.4494316523379
61.2661483464763
69.1430320031941
64.0039837919176
37.4882713839937
91.9295435305685
40.3934760060886
23.6027137617908
86.8903708644211
50.8687949739397
53.4189614234492
41.9671104988083
64.2823874484748
21.8068977585062
49.3405760357376
21.0955790599048
75.0594487879425
56.6337440628558
81.918351290721
60.2296337485313
67.87909779232
43.2867831084877
75.3147887997329
70.6942438613623
57.9334400128573
43.2139963363877
74.1308570606634
76.4721955172718
50.7872734866987
63.5367707815021
51.467478973791
63.5307957418263
66.5819297544658
23.0743503430858
48.4490324277431
78.4762413008139
69.7232571663335
52.0881232107058
107.169466505976
23.8525733118877
51.1015578405932
80.863929935731
18.0570031050593
27.0811116588818
54.7368779986072
48.1023293221369
74.1572228260338
65.5327688902617
53.1719375867397
68.2381776859984
54.2603970039636
71.4386939071119
33.5545133566484
42.210659198463
59.4472926364094
35.4047607863322
70.8499994793247
84.2992538586259
74.268800066784
47.5170885678381
19.8611377784084
39.0495140862481
50.9902059333399
73.6573601374403
79.0546223754063
30.142097803764
70.6817236030474
55.7386982487515
88.0633319495246
62.5067274319008
66.4615244837478
76.5220260014758
58.7975156027824
37.9494775319472
67.3955471512144
111.392434866385
47.2462960984558
56.2352222856134
48.8157818326727
68.7640149146318
54.3439411910909
73.7668805290014
51.834183325991
48.3458291273564
31.8172160536051
78.2866848399863
31.1135574476793
65.0820340029895
39.1320177353919
68.3934327447787
66.7419518809766
47.5663179997355
50.1765507739037
46.9396261498332
6.42345012719733
55.4376238333795
26.9423062680289
51.2545111460436
76.4387766597793
45.3236987348646
71.7079413123429
48.4844672027975
48.2550522013506
65.6099844491109
73.6095659667626
72.4671431036983
61.3156586419791
61.6110466886312
34.6799161517993
65.1095563312992
58.9791018515825
56.4917075447738
26.4229175169021
43.9053716138005
53.5700348904356
70.950440922752
58.320099429578
69.8847156018019
68.0106685962528
54.4759931741282
19.2393212705735
79.4100820552558
63.7413066346384
57.3380076840126
53.9920508629138
73.5441996948794
46.2324225576594
76.096437103115
54.5375067740679
51.2513601919636
62.2677467297763
58.2016571424901
71.4717531111091
43.9865819877014
66.4966757497693
33.5157934343442
61.1480449478046
56.6722831455991
81.7316155415028
39.2163095064461
62.4224079307169
54.2273542843759
41.838423977606
65.293467300944
65.1656367117539
70.7449890121521
44.653687463142
71.5540102316317
57.8628009228754
26.2774378526956
111.738132073762
31.6074940608814
67.9227162385359
39.6133141206307
36.9575583608821
50.9383159456775
68.4556959662586
58.3653025239193
73.8687279867008
55.7401585159823
70.4465186689049
48.6754992976785
58.5278492285091
86.9914883980528
48.8791008247063
57.635037554428
54.2611259901445
63.20971812124
74.4582935934886
66.7690901784226
49.7935982421041
49.7414564481005
56.1863767134697
42.3146925866604
58.5900495266268
32.0413254350323
63.37452493608
66.0666266223416
71.954455768489
68.3074655011296
43.8010160112754
58.0957949627191
88.8634442584589
40.674048406072
38.6748211691156
49.2766704177484
46.3177818028605
56.9579511880875
63.3262156974524
48.5779011854902
40.0408408837393
56.8324323351066
61.5013220973336
65.584814012982
64.6494176471606
83.4577447269112
39.9560489924625
22.1488910727203
34.1438778676093
76.7878417856991
68.9578733872622
53.4795852843672
54.9363003345206
39.2985084559768
34.7801792285581
43.9622044796124
29.4307506876066
72.3396017448977
83.3657901501283
42.3093978082761
57.8638911712915
74.5314747327939
46.2627173600213
77.9982254840434
73.6666938057169
74.9113054946065
32.9006652382051
36.3801061408594
49.171058088541
53.8075811695307
27.2856914671138
66.008584597148
44.5109982741997
37.2088938485831
50.7615142967552
58.7445562239736
56.9690039148554
45.8938784664497
72.3387801786885
68.518137652427
35.531714418903
35.825630533509
53.8896861718968
40.6572727253661
91.0803363891318
68.8877369742841
44.6716793579981
48.2360028951093
37.3194677056745
50.4542025737464
101.544441631995
67.5870898433403
18.3573836240366
46.2091342080384
72.8581094183028
54.8962121363729
42.2830926249357
58.7497087195516
35.0299306047481
17.3995240930257
73.8326427061111
69.0075489459559
59.7625497495756
32.9468886600807
42.6723728797435
43.0391890229657
44.2160849226639
26.1700595961884
28.4252086887136
73.817386245355
52.6810791349066
44.4988731498727
55.9717966010794
65.7127114478499
35.1608814675089
85.380145884119
52.922376439614
35.8282537543709
48.7762589938939
44.9170319839712
33.1621707774704
42.2438047758637
51.1695855064318
78.0109794577584
60.0364430233759
62.1885362779722
45.2225761720911
87.1546350186691
90.5583720188588
44.9334684060887
59.3603651504964
36.997410049662
32.5345910154283
74.7457744320855
62.0426413334791
52.9508896172047
40.7305436038159
70.1802940848614
43.9467855496332
44.8111092438921
90.7932782080024
30.7517997454852
72.6943152258173
55.003082100302
73.3835455030203
70.3916848869994
72.895774946941
46.1948291631415
69.8054953987712
84.2610722640529
23.8581721438095
62.9758028313518
87.7011617878452
69.9928596161743
52.1835510386154
50.3432378995432
70.0075456446939
99.6708656894043
54.7640369273722
43.7892988789827
89.4300681771711
87.4563161982223
87.5469515332952
44.5344845764339
71.8810872640461
42.6480053924024
54.7317248303443
32.4089229572564
83.9368104469031
64.6638260688633
42.1018875902519
76.630676491186
75.6704935804009
82.683417876251
93.9424940384924
43.1905235862359
55.9468659572303
22.4087908404008
75.2260372275487
42.6745541796939
68.980275769718
14.8163160542026
64.8490749998018
35.2921630488709
26.4629025859555
60.7288986677304
65.8445079032977
32.4422733581401
53.1309399382048
83.9121960103512
61.4027347415686
61.0358382342383
46.0521088214591
60.0090571213514
49.9535921495408
44.8157802994083
43.1126008085683
77.2738711209968
78.1836463525564
59.885874307972
37.8468366977227
47.6432589115575
21.12398869358
32.9647358972579
79.0750411804765
39.4624297739938
58.3415265195072
98.2230436289683
87.7185055520386
41.9534927001223
50.9451063349843
45.5277034314349
68.8802635995671
37.8101268550381
59.7061141747713
89.102122373879
26.267540990375
59.2166289919987
95.3506347723305
48.8985048606992
31.7168831453526
36.0421198450615
54.6820339048281
75.1997778914059
73.8371366634965
62.0000427821651
43.8920383698803
68.4810032519375
97.8192054200917
64.8654678370804
79.2142288293689
99.6539438143373
30.168791062264
29.2086200555786
66.1787970922887
58.013372705318
54.1436371626332
77.117985743098
56.7237032577395
28.5891661504726
46.0332632996142
70.5126389177655
54.9662301884375
37.4778960536681
54.810334285722
82.2115232236683
41.4996602805331
24.5845941128209
82.6606628950685
56.897155707702
95.3309805365279
53.5693946527317
75.7696794345975
36.6612815530971
67.1476259153859
61.545134964399
84.7874018596485
47.974981634596
53.7970997393131
54.1562948841602
86.6376615129411
35.1287421586475
33.8292852044106
24.9191540759057
51.8639722637558
61.4017974352464
84.0758097125217
50.0880291452631
56.532175373286
70.5503212055191
52.9069931712002
48.9289028815254
84.3555994564667
50.564623111859
39.9823198327795
55.7689218688931
96.2330864276737
54.2027283925563
34.5836193999276
42.0667452039197
25.2010350348428
55.3086091764271
39.1305604018271
58.0993440651319
31.0388184618205
48.1686456128955
61.8566332384944
42.2257215483114
75.0159850576892
72.3082821350545
12.7741375232032
58.8514199014753
58.1904794555157
48.058668755167
80.6625471683219
51.4118749181122
50.0557199120522
69.6267779683694
78.8406932260841
53.9692794671282
67.5227945437655
73.5242784954607
54.29128697142
46.2372056134639
65.3325043440259
73.8833056529984
52.1167213562876
50.3563173115253
54.8723034711557
63.6723831772763
36.4729239139706
43.7828821828589
28.6230012075976
40.2274179970846
46.1323017720133
43.0110221480942
76.7532720929012
47.7172065062984
39.2084838123992
72.2206833539531
73.9824286429211
30.2843621000648
56.7545608850196
48.5313615761697
66.6980444686487
92.5003956304863
64.7586449515074
72.1758398843486
85.0124408025295
65.9424131037667
69.4234855240211
40.9382111392915
70.4423073361121
86.8600622517988
33.5130651947111
26.8268238985911
43.2983993785456
75.4740089178085
75.1564527628943
68.8545441487804
64.0607049688697
42.5216783769429
55.8299605501816
88.6433911509812
73.9518438122804
64.4168879371136
54.0326462525123
41.146328067407
71.9981774920598
53.5043757408857
93.1410135235637
78.032422112301
51.2502561556175
72.9013346135616
42.068494297564
62.4543230049312
47.1178875969732
56.7094693967828
61.8585059880692
31.5687398426235
29.8947577597573
51.0502802779913
58.333235160894
61.2885007221553
84.2190071940422
66.8776805279776
58.1042752834037
28.0952718341723
31.0091475723311
80.4711411651581
43.1438397383317
60.3155379882082
62.5482233395536
53.3870622748509
59.0637421002612
77.9623117530718
43.932173156039
73.0438669212162
61.6628524381667
53.8022622233257
60.9093957194983
47.5432747509331
36.0363218933344
49.532255390659
84.7431227797642
55.2688466152176
59.2367086093873
74.1238873684779
82.2628651745617
29.690947313793
68.7526458408684
77.6752871694043
54.9450892482542
45.3305744469039
22.1253053052351
57.1942941751331
25.592209934257
37.0863441792886
55.9484665761196
74.9751089606434
16.8126685079187
7.6490867882967
37.0411511554277
72.6069100666791
35.2891461225227
42.4223908921704
31.9245598744601
54.0228727273643
42.1805162681267
39.9182556197047
86.4665332948789
56.2083343276754
50.273235617758
39.8301815846935
68.4384160442278
13.2848978508264
32.1674891884099
82.2718812385574
86.6997698089108
50.8162404731877
76.9713462330401
41.1865014815703
46.1465041385964
64.0969620784745
86.8696809047833
61.0853409161791
86.5758950589225
67.6742340205237
58.0755154369399
44.5922692073509
78.60379263293
86.6695732097446
46.3814643910155
36.1774088116363
73.1277883518487
88.049398153089
57.5378510635346
78.1546277459711
42.4493431812152
87.5801611226052
77.2557169664651
50.9612902533263
30.6581043172628
60.3905405150726
54.3747242531598
33.4881886141375
49.9049400910735
34.9166598260096
108.906681337935
37.1296238154173
36.7644995916635
39.7906840156201
40.304190134145
71.4989583240822
49.7343246359378
48.1317796199617
67.8348094274815
47.5497398525476
59.5297882799059
25.7184906397084
46.7069234931841
34.8764964261301
65.409798338078
72.7283792104572
52.1066666347906
72.6969254203141
46.5070693851926
50.9567907778546
72.3589737899601
63.2958471542224
90.3652725974098
67.9232051130384
25.4837615879852
55.1380659453571
84.5339730614796
49.9263413250446
50.3566354745999
42.8390412915642
79.1476624086499
44.8040702613071
61.8182746460661
63.5992937606683
56.7087344359607
38.4414196731349
87.138038710691
69.4262783741578
57.162627694197
70.4181802226231
51.8663595001893
63.039129799123
62.5590453855693
60.3023243369535
73.6524577019736
67.2804254572839
36.5169910015538
81.7350285798238
55.0994834164158
40.2592087397352
64.7992983081255
77.117843250744
42.1644506044686
41.3766006007791
73.5416490578514
52.8865300118923
47.2513539253376
64.054823590831
84.7602481255308
59.1141026699916
45.2562790364027
78.4634536597878
29.7348694571008
63.0567815154791
49.4551293086261
51.9945885753259
86.2070024712011
80.4252123925835
43.2317285641955
63.0216529592872
84.3500448390841
31.5806648461148
47.7192196098594
67.9730682393798
42.4742453964427
63.7772401794791
86.8053803918883
44.8150271549821
62.0261823059991
55.7564347051084
58.25269821248
56.5421669511124
72.9877896839753
51.3688552782231
93.3492281008512
71.3045766565642
53.5772510105744
48.1416574912146
76.9056650809944
56.504309666343
53.0720863491297
54.7306122723967
40.7761219930081
59.394740103744
42.7453483454883
85.9310950851068
73.2063225237653
25.2957805758342
56.4976502442732
79.5222923175442
62.8546998370439
64.9032850982621
74.6089834487066
64.2114045767099
72.1353078726679
55.8883435092866
71.3231567759067
86.2993733491749
65.7504263281715
69.3606588695118
20.8287873538211
95.3632264165208
29.6920116059482
59.5573969418183
75.983933522366
47.1734695835039
37.4211417976767
34.5982202561572
59.4125606585294
18.7623964142598
57.4302204829919
35.467732031949
64.2698391107842
39.4803618467176
57.4383939849213
40.4513610065141
80.7267387863249
75.8768636500463
80.9366028523073
85.9434514772147
48.0559619504354
44.5761302718893
44.5053775096312
76.9292596494779
73.7357075786992
63.9518724521622
51.8888199395946
74.1610353346914
60.4930824946002
53.1315867556259
42.2655369853601
67.2093240078539
51.7925759708766
47.3522956279251
33.543284679763
26.3113942695782
65.827101515606
67.9702398832887
73.6291353357956
36.8757103336975
49.7095103608444
79.8713867319748
38.8548379065469
74.408173132074
58.7272132281214
80.6973650909679
33.487074659206
76.8693064106628
96.2514657760039
38.5664461646229
42.5105816451833
85.8355851145461
29.6396887628362
57.0422229822725
96.0755767766386
32.1430930634961
44.4097179919481
63.572134619078
77.1873798732237
42.7580777275817
66.5229814359918
75.0882037449628
68.4726495528594
80.8512483956292
76.3367620529607
37.7218127483502
85.7856141636148
83.3923805505037
43.6241161543876
50.3312550717965
60.7189214908206
40.1120816823095
76.6188556215447
50.2583835473508
54.9063125392422
59.0465645072982
70.1342461863533
44.7409867686914
47.1723380964249
46.5600821888074
65.3139629401267
50.2020140178502
87.9070651251823
112.88803195882
42.0205966802314
50.2055916935205
53.6543272314859
48.9305418217555
62.7533226041123
75.1595932524651
59.6286450745538
79.0526607306674
72.1220586531108
67.9845084669068
78.0378713971004
72.9518717620522
40.3911311645061
47.3094333392926
40.7499615568668
83.6227250285447
65.3634087648243
43.8643982418105
48.7162198405713
33.2741093720549
51.1160471476614
45.8002649460524
47.2113830968738
87.2771446360275
76.1909084860235
72.5586775735144
69.9740547453985
70.2683156356215
75.5920298863202
56.8031508155596
62.8626973601058
68.7867316883057
62.1009995928034
65.9975772025064
78.8485052995384
33.7168346391991
29.6660896623507
61.8484043050557
44.0573442494497
89.3014224478975
48.0874440152019
63.3032347541302
35.4688756400719
60.1372752338648
55.6894871297197
68.1067514703994
61.0857741907239
51.8616378489288
74.5808857725933
65.6070152067274
31.1294035054743
92.5780119840056
60.9331361716613
26.677143923007
93.3405319461599
55.0948109539478
55.5430904981567
75.639258377554
46.0270134567438
90.3542237123474
51.1572882765904
64.9170084390789
89.3099930835888
57.6686158776283
39.8688392713666
60.311408364214
50.7743571186438
73.604047531262
77.8701293980703
39.6504561882466
68.4334798716009
80.3930103080347
51.3152234489098
28.8133066730215
86.5485273068771
54.6917404979467
74.1428547073156
55.7678659446537
67.9177324986085
63.0808745976537
80.2749226335436
45.9317904431373
19.9611782456218
63.6922050297717
7.96589597593993
66.6681996546686
46.7177969869226
78.4488513367251
54.3700895039365
23.6336992587894
23.1226242812124
99.4642470963299
52.905349759385
58.402945616618
102.324923872948
55.5885874520217
94.9611919233575
58.2049672823055
39.0661250799894
24.758639303036
72.5228005321696
74.8433073828519
61.0359970014542
71.7627094154214
34.9656373412546
45.126727879036
50.7683462608246
83.57855938375
59.7620750544593
63.8423719676211
72.0673992997035
81.0322584584355
56.9136336212978
62.6547065796331
48.2792022172362
73.5891128657386
54.5183705398813
68.5698046116158
49.5020554388579
40.9118304261938
64.274236628019
96.218561148271
84.0070754933295
58.2670516334474
39.5896414294839
42.0761446002871
61.9539606152102
64.4081855405834
73.1362741906196
97.2078396007419
41.3230227073655
65.4992468655109
65.266033992754
58.2556486828253
82.1132447803393
42.7692867117003
59.9821810719453
76.4645818155259
79.4415823795795
82.3654280276969
32.5971628664264
44.0869544792844
48.0784979648888
52.4266766617075
52.0974898478016
64.5427014213055
46.997164003551
59.0030885534361
69.2373532801867
53.3003486925736
58.6214037844911
29.534370219335
51.7893910640851
40.3866863809526
55.9175070142373
71.8027852708474
48.9478162955493
69.9117077048868
35.3520351873284
24.0812650491083
57.9086499754339
46.8314187834039
54.7545082401484
51.4160942073301
24.5918602178021
84.2273536138237
71.5805439976975
52.3995052557439
51.1211617849767
94.1900072085939
85.4063052451238
15.3671132633463
90.3101066825911
43.3491896605119
38.1517945323139
42.5039911642671
82.3828821536154
100.918067316525
57.1212734095752
75.278371036984
49.8278416777241
31.7717262776569
68.4945558188362
54.1921890573576
59.1271080054463
31.7520307609811
39.8887379595308
69.6552643552423
36.0054598655552
77.9138161567971
62.1889177942649
52.0807869499549
72.0596675528213
54.3418955756351
76.9247752614319
70.9693232551217
60.7905184186559
46.5881156735122
51.0423002211172
82.4826644354475
30.8735318016261
53.1705028144643
45.1061066240072
63.2439905544743
61.512364516966
11.6027835058048
47.5633867783472
46.2062235921621
43.4731172164902
28.9548933506012
14.7400262904214
54.0774160064757
88.3651656797156
52.9980479506776
82.8144405037165
92.843835381791
58.4443970454681
31.7675300175324
44.3695210485025
26.8506305585131
62.9521650262177
64.5561978919432
101.040404196829
90.7835703017301
22.8685846475383
46.1709630209953
44.7660007048398
45.1788860683738
73.7734291049473
71.9374390086159
58.8288672734052
73.2650172198191
77.2375150350854
36.592127988115
57.0517094805837
25.5360396578908
44.3621773738414
70.4521265812218
28.7967261392623
48.2540616067126
111.914868484207
56.7553513286529
74.6554144425318
39.9123451905325
70.5775149134819
27.1164385894992
70.9193646674976
45.6696556415409
43.6994519317523
51.5311589464545
51.7526827552087
69.6613926822426
64.790752997122
85.3493641130626
91.8877564603463
64.8004877613857
55.8287639800402
74.3313997518271
77.7970109833404
63.377005350776
81.0962483519688
57.6120964949951
74.4168169330806
59.137983690016
40.0843264187503
70.5589945737495
21.960353606025
78.9682912873104
62.2558068484068
42.7212256472558
87.863275911999
40.7438233962593
71.5012118685991
33.4899394000908
72.4470664048567
52.2977001965046
54.1614438238463
80.5661723949015
38.4848324732945
85.3855189634487
48.0375279206783
75.2873566467315
61.4231406245381
58.1687471363693
66.5408762404695
76.040089619346
54.2008523130789
48.358366289176
18.3116062777117
40.0338694453239
61.0570180447265
49.8390521854162
67.768932483159
64.0833741290636
66.2245520508777
61.784772737883
59.0189677197486
26.8450476633055
47.9764538817108
54.8025231514738
66.558378143236
68.8691640039906
45.2103218296543
97.3265531938523
45.3736846484931
52.151073818095
30.7947159279138
62.9784772871062
76.3737990986556
57.1402028203011
59.8832555115223
73.0144701898098
80.1545882597566
56.6102401586249
35.9986895928159
48.6805278807878
68.3571659489926
57.2255437960848
94.2457574419677
43.1325562298298
61.6418802877888
32.2401648620144
76.5173034975305
68.5313398484141
22.3903119564056
43.8455868512392
73.5702853649855
69.9074684875086
54.1951522878542
75.3253220580518
52.1360778309411
46.1168539797629
45.9338082466274
43.9535280223936
65.0961204897612
30.5019516767058
57.8228139784187
48.2498234370723
7.91133299935609
89.4384690094739
70.2856850344688
35.3299842485164
22.8750678710639
80.7918031001464
60.0671474582324
96.7713431920856
44.6670109173283
64.3180686514825
70.5317260231823
26.1714401513419
62.2878338210285
44.9882829096168
53.3705297391862
76.5251025091857
54.6076682629064
55.4523607017472
56.1060208361596
83.5969307692721
49.9042900744826
88.8230182696134
31.2018303123911
66.5015982231125
93.4701165184379
56.7841522490466
64.3464597640559
79.8160107806325
60.4159663198516
95.6894948612899
59.0928361052647
89.7981292800978
84.6409734338522
53.5511353751644
33.0787403089028
69.6868698357314
69.4518218748271
59.9847280187532
68.6174129135907
57.9460438108072
33.2764347782359
71.9801986277305
55.6633177679032
71.5868431376293
44.5223138876066
57.2283894636814
59.8409577738494
88.9911928446963
46.7941913288087
46.4628307381645
28.5036800935047
107.999595667453
14.4038754981011
49.4271255693291
81.8487349664792
65.9274632809684
79.8977764983318
59.1818049084395
73.0335879948333
56.7740823375061
47.5791284814477
43.2495763991028
52.8931633802131
80.6981059256941
5.27343946306328
66.7066868394613
44.7949718451127
70.1738866511732
66.8544697808102
42.4435458378866
78.6825929302722
49.2850069887936
33.9057525142797
58.2438529003412
59.4140529865399
51.6042291796037
67.6566326525062
38.4615658549592
23.6448860960081
84.5132147194818
38.127095069254
89.927097922191
101.236533536576
31.5579096553847
57.7577305957675
76.7017918406054
73.7869817297906
61.6964064757507
40.3263428946957
68.0967609398067
89.9847832974046
57.6200787210837
65.8040517708287
72.7077063638717
74.6565191773698
50.3885921789333
50.03793889191
63.2762133842334
16.9812075445523
22.7765258867294
39.1323179472238
44.0830261446438
57.8166452966503
24.3635589256883
51.7642771359533
37.4063429189846
44.6092786733061
28.4078254597262
59.4908534316346
64.5029408158734
32.0096247363836
45.6756814592408
44.8882249873983
58.6207279935479
74.3831612169743
73.5839189495891
59.9774945061654
32.3496961336505
66.7875131824985
42.5276127643883
100.211813044734
41.9908575480804
57.2850301545777
32.8975270036608
88.8073868583888
65.3586268890649
69.127009366639
56.7915456136689
58.7598446756601
40.2865368174389
36.3131540128961
60.8676808604368
31.0145914088935
43.9674840126203
59.6355023095384
53.7036582827568
43.8529124250636
50.902727083303
56.6576328361407
36.9252257281914
84.3436458846554
53.0131862265989
48.9144710358048
43.5695536667481
26.6216855937348
45.1029687887058
54.4279041001573
10.0655323300475
55.4371175821871
63.9073408674449
58.4077141827608
12.0336745367153
73.2237114105374
69.3505554663655
62.7369530964643
70.2253059251234
67.6756854169071
24.0652506239712
57.3817502707243
75.5609170999378
82.723349891603
101.109834085219
79.5890869572759
64.4077711505815
69.1343165429334
65.2833458036184
60.020500025712
29.6257655834779
73.7993855495006
38.2695902371779
36.6189876571298
30.8231287583561
63.4571987009264
64.3646510085091
29.2067939881235
7.15246227541693
53.067072853446
71.5981974033639
62.0648859837919
55.2659805631265
29.4849718222395
80.9477558126673
41.1457496568569
35.9694463899359
72.0827557845041
68.9589160960168
62.1253119315952
69.2040291382
70.6880764570087
55.0955199636519
86.4731676410884
60.2576546603814
77.1479228278622
44.1725676518597
60.5787880020216
80.7765536243096
81.2329138163477
74.1343138972297
28.1189687381991
57.2613625321537
97.7225013077259
73.6950960243121
67.3604802461341
56.687783948628
72.5557738216594
93.9754479797557
75.2282432746142
63.2767343603328
60.2544511668384
75.7599676027894
33.572556314246
71.7481358209625
69.7196469409391
66.7841535061598
51.4695442747325
28.4171221839848
41.3983202073723
49.1402983199805
69.3987958598882
60.0992849562317
52.3251252947375
76.7440913245082
45.9476944757625
63.8731744194832
66.5965749649331
21.9964811811224
51.6207943903282
56.8745783608191
61.7085507139564
64.7546937922016
39.4536082114196
21.5606145327911
58.1283066887408
46.7056403043375
20.3805946977809
73.3614555560052
44.8020961384433
56.5116203622892
74.4104531127959
27.1363355219364
36.4665489330722
38.9026572927833
43.2322303997353
69.0374191151932
52.6295157149434
81.6485672257841
48.4308388782665
67.4655934330076
64.5654361462221
93.8540472183377
73.6122330185026
55.9990194160491
53.699313942343
33.8752107079989
86.4897816209123
70.919914660044
80.8583616279066
61.2076692748815
48.4283542027697
59.1102935839444
86.1409368479987
74.2666017729789
73.5353039810434
24.3598593705814
28.4032879862934
73.3042511109455
49.9923705356196
80.7000394212082
54.838411245088
68.2806241326034
34.9206043799335
86.5113798994571
58.6726680869183
74.1729091102862
61.7734418716282
53.9856104033578
32.558568936396
54.6054388862103
54.8725982196629
81.8404479185119
84.6900885226205
45.3374711796641
47.930034273304
45.6769812153652
26.6906235032047
87.0716386009008
75.2226987155154
61.2220851005986
94.7023908840492
62.9833401364461
50.0211711041629
48.61731659621
50.4800986731425
82.5645308475941
49.040409992449
39.1890576832603
73.0445019900799
54.3679372407496
25.3225370454849
51.1912148678675
20.9421797164342
52.4416080443189
25.752951647155
92.2331703593954
68.0498992558569
95.7907408475876
40.7054608454928
22.6173874922097
33.9862267400621
73.8466840004548
44.6118408216753
74.807268474251
82.8907397808507
45.32689768821
30.1415468333289
52.7845890261233
59.34991234954
35.1687283083884
22.7771455189213
82.0752288958225
72.3022559081022
65.0476441020146
53.0557403202064
54.7685772081079
67.8816564381123
56.9788094842806
90.8805592451245
51.7818889813498
35.41507879135
71.7209564521909
60.5714613804594
65.9067717846483
60.5702213477343
75.6644344333614
76.8658094376398
38.287726397517
66.0982337314636
62.3314373195171
30.0020579669729
47.4737067706883
45.1556116109714
63.8918734618273
19.6381245202618
80.0544278696179
55.7235427899286
48.5904784076007
64.7353664506227
44.9150318512693
36.0018608160317
53.4206908196211
66.4257259955485
70.6575443968177
84.1421114746481
67.0087694423273
63.0734589183703
61.9149747787696
48.3793266350403
85.6034967117012
31.1194385315723
66.2150174612179
69.5560251362622
51.3176322681829
73.5319774991769
58.7543607440001
32.9099901253358
73.3927421970293
79.0181603981182
68.2260794565082
31.5148856956512
63.4820279432461
56.0109915503994
81.3751284498721
42.9460530004338
57.6238618930802
59.6974555402994
53.4036695846816
91.8284403160214
76.5469747362658
74.2151497397572
61.4378987113014
49.5838932948377
22.5281095365062
26.9704962915337
59.093478168651
48.9908076357096
52.2454356470465
48.1966221006587
41.1310015351106
40.6411733245477
65.1443732902408
83.7701698997989
58.9002160588279
71.8193426029757
49.3103745393455
89.7357481531799
80.5960226571187
86.0696018440649
48.2359983958304
80.4218644509092
81.8239179672673
71.888917288743
70.5784904770553
80.9004358481616
83.5095269372687
39.1135459772005
72.1811860799789
68.0284416535869
85.4012385942042
66.9285327661783
56.8128028186038
83.1286864355206
57.9686992568895
42.8242024267092
5.88491172529757
38.8279404468519
62.3800911940634
24.6926716296002
69.8753331089392
32.3616198962554
57.0906813489273
89.8722913116217
52.7850867714733
77.9801445314661
63.4301994282129
47.0649629831314
50.085448846221
49.8933046124876
41.9172705133315
67.4371880711988
63.9143963344395
54.7806870890781
41.0758952843025
74.916322552599
25.0971109606326
25.7689650253535
20.8852932555601
53.5227123415098
29.6817470574751
67.5968822557479
15.2552559861953
18.5944487107918
23.9375897683203
54.0421258891001
36.2775180721655
36.4829537691548
54.8626594478264
55.9094302123412
42.2955281915757
75.6762673147023
7.12033873423934
73.9269097142899
64.2255024053156
55.3585961228237
49.1221427885126
41.1487187258899
56.0417514061555
30.4452230455354
32.7727023046464
98.9554952597246
31.3162625612743
67.896887473762
71.939771133475
24.9169356405226
81.0296803247184
63.7016306631267
58.4492754656821
47.1814004704356
49.1368122588385
67.1557377325371
61.720725777559
21.3568540289998
49.4567873189226
62.1538896812126
34.5343580510158
53.2754503190517
26.980247721076
61.2533240014682
71.0136260976923
29.4122447026893
55.9902248641279
34.5548777442302
31.9704039556219
66.4024879457429
58.7869544746354
44.4723685272038
27.1899396087974
63.4781827013872
83.368900953792
25.004588929005
52.0366108976305
38.2062782999128
40.1956994086504
32.8808676917106
65.0200298521668
53.674984570738
28.3320939168334
62.9345183260739
57.0580179803073
54.3718194589019
76.0434719268233
40.2813689972438
75.6383445812389
72.8881605667993
30.583958979696
63.5299243940529
54.1538933990523
61.404063552618
65.9792755264789
41.077317064628
56.6033892100677
66.3873041979969
69.1525009693578
71.5807684930041
77.4407466407865
76.3316098367795
55.7295393185725
83.8666206691414
53.3191090682521
22.0636205970666
55.6130265584216
79.946491937153
29.1495885554049
76.0074599180371
27.8882796177641
49.9319171765819
63.5896651307121
37.458583060652
82.2847186820582
43.9379441086203
70.4927121056244
59.2387856874395
57.4663644656539
27.4861722112634
57.0522379595786
55.0797577947378
79.9017862183973
17.4464643694477
34.4378943555057
24.8372566921989
91.419061110355
65.339298080653
74.1365490015596
36.2579212523997
59.3800929374993
83.7884098989889
33.5931528126821
43.5140568763018
57.5042285646516
44.7192944454971
78.1803556485102
80.7502607814968
41.7538887821138
39.152908581309
51.0143294617454
60.2949604864865
47.238700138405
82.1600744035095
74.4706394383684
50.9687043959275
105.303376173562
47.8210984239075
68.780887266621
87.922649178654
58.0947977956384
70.9339336413685
66.5853475453332
62.233933294192
56.4200288531928
62.7690304303542
74.7243010438979
52.7427932946011
40.1048863073811
60.4654852068052
90.9253134392202
55.6029807776213
98.3607902191579
52.607653546147
34.2572037114115
63.1510307779536
47.5043099373579
38.9961218273166
30.5906778434291
101.553157134913
54.9171019791045
48.3027481706813
61.9195516426661
34.675855608657
12.0214596249528
49.5063451003993
29.9111864296719
33.3464451245596
42.5468757631204
69.206837634556
54.3926760787144
65.712788910605
28.2338703295688
29.9906134227548
52.3329460294917
87.2506150742993
42.72757305298
