"x"
84.1137985698879
92.2766957902532
74.8867859132588
97.5182393143987
104.543292034089
45.275657158345
86.7170120589435
85.663379504188
40.0955641642213
83.260171674192
97.042309679091
56.8508347743667
96.6410585679114
107.672376185656
108.689646143466
101.435481291264
136.00131617859
90.2401195839047
22.5712343790513
100.714771356434
49.7502243052178
72.7797947824001
50.0578259117901
65.7981109805405
76.5627580694854
72.8226297535002
85.8529408373601
84.8823182284832
64.47091428563
77.8517624363303
26.6632881015539
68.152489526736
85.2100927382708
49.8769026859666
77.9090560972691
81.769419803038
36.063314974308
38.120884899314
55.4960666641828
100.025366431147
48.1715040281415
84.4689687535561
41.80329369547
77.4277800694108
95.8553877402289
52.285428728312
124.557980027581
79.0141292847693
83.3689312830723
62.2952459963167
127.773198392242
52.8930309228599
67.4738656405736
64.8825301994073
43.5798988665879
128.362181875855
73.9860765948831
81.2660443596542
83.3289057016373
41.0031510517001
105.937781278044
90.493246447295
101.510877534747
58.83933249861
107.575767207891
59.7003703936934
89.9777413519206
77.4706410244107
83.0801824636756
93.7922005541623
65.829402487725
19.3444205448031
19.272245729928
77.4057903327048
86.8915627710521
83.6146645247936
76.565121114254
103.511832840741
62.2515236958861
119.162753783166
91.4072247222066
88.7043001130223
48.45902165398
98.2230194659347
64.8581641726196
31.6267257330413
69.5649016801211
112.567260582
115.618185163162
112.279352452606
95.782205183059
78.6347149034071
46.265737246722
73.839446157217
70.5121058039367
87.5413798884228
34.9037361396331
110.770884994417
64.9268319830298
45.2952725149631
65.2373346567178
59.6600163727999
72.5462316535413
86.5516339428723
99.1537387482822
70.9272058680654
58.4190934896469
92.3764241859317
96.7771616009323
89.3423701146158
114.425296522677
82.7181147691923
85.8507336117327
27.3957274854183
12.3095993883908
97.6350842043757
44.8126348666847
71.7374108731747
95.5996593460441
62.7817567437887
63.8524014502764
64.1938397660851
89.2098180949688
44.2020716741528
82.056830023191
118.56936281547
77.2884244099259
33.6089305579662
125.184931213551
96.5533410198987
76.1855287477374
79.1541808284819
95.2674090875505
76.8955387175083
86.3839812576771
78.0785002745688
59.3453687553476
108.252585679293
36.1954650841653
72.8141772412558
58.3999395370483
106.691369695535
80.1197309046984
30.4564250633121
49.3341199943726
55.5886692504672
64.8900452631449
118.893761653453
57.7811120583622
34.2411092761752
97.1371476538479
64.7062572650611
63.4409292601049
11.8435728996745
52.7586373433404
81.2541755847633
97.3918386142366
74.5733398012817
92.5880273715013
56.8986007943749
55.0451228807745
34.3052036128938
52.9968304143885
104.898609220982
56.4958450384438
93.4406540356576
47.5233768112957
64.7130664438009
84.8418933339417
55.4091087435607
111.138553079218
108.859134279191
103.91079261899
70.017849973291
62.0905924588442
91.9423430226743
52.4814087984973
56.3348958268762
43.2776877656579
54.111226927489
77.9624305665493
73.4314461238682
55.7217949980887
82.962991297245
56.4039327718203
76.5490332618356
72.1317331306636
128.784260712564
68.5190616175532
96.1368623189628
116.599903441966
105.038956180215
95.0948311947286
49.6970696374774
100.033277738839
109.07789086923
121.402460895479
51.5239008702338
37.5534566119313
89.3695724196732
101.21541749686
36.2749482791989
87.2985093854368
92.1310023404658
52.347485255797
87.5916087334839
90.8240019343793
90.3844889276438
67.2069553285837
75.1804646546569
109.989063255489
114.47458602488
80.8412193320692
99.2246903234569
69.6441253647208
74.3537464179099
109.9340448156
74.1096154786646
79.0139030665159
83.703488111496
70.9179281136268
98.9776075817645
97.7431977167726
107.518561836332
91.4349149912596
114.292273949832
66.1222998052835
78.3503080718219
118.657859361026
98.9202189259231
90.2601264417171
71.2339737452567
96.7351506874988
83.6325970478356
107.951613795012
75.053675240406
74.5883202767422
57.0666902698576
62.7537125577089
115.513795614243
136.861886270344
80.4306843318045
77.3916389793158
77.3810803890228
106.900836434215
87.2239929623902
45.2356446534395
48.8989469060768
96.7470875009894
98.3150230720639
78.5863598778025
105.785101093352
79.8287815414369
50.2604462206364
77.5190280750394
17.8085842884096
100.314635410905
22.3267964087427
68.2636719197035
85.2705656550825
98.4968610107899
66.5361355058849
65.1020171271314
83.5299140130031
60.8922669664025
86.2938462756574
83.3254321478307
93.4302317909896
75.2764880657196
56.7770409397781
44.3932510624004
88.096590898931
56.916756182909
104.136399552226
71.4768435806036
56.3398259691894
64.6108699031174
60.5238041840494
75.3399978391826
73.8839398138225
100.790958013386
28.6777074846858
80.0243055447936
116.80951109156
83.2248178310692
54.3704845942557
89.8495541885495
87.7611999166532
98.6081146635115
92.7310044877231
117.314415797591
16.945527959615
87.5388176612534
71.0602912120521
90.737871453166
102.340547554195
96.2689361535013
49.6502554044127
81.1370025388896
72.8743090294302
110.310430231428
56.4094429835677
35.468745790422
70.6955219618976
71.2709031067789
119.832871202379
89.9682816118002
53.5077194683254
97.6126205176115
83.614454139024
49.7010094113648
49.3823097930886
109.5349451527
73.0699825100601
77.3655939052542
89.5029442384839
72.495883342992
81.6614970564842
132.490463554859
46.4434920810163
64.6097854711115
83.0643226392567
54.3348511680961
50.5386926233768
112.264839652926
61.5787007800876
101.855308189988
59.6286066807806
17.4524091806147
45.3710786066949
61.1849739216268
124.919144606544
89.9443659400032
64.4848466850817
85.3624566458166
66.7818680273023
43.8126957044005
83.6736915633082
93.0521172471344
109.792667390225
110.756938997656
29.8578839662903
60.2978062815964
79.4796372763813
55.5644573643804
92.5777107477188
19.6173588345829
61.2689645630568
90.8295135945082
46.2682735862081
69.5196392014623
36.8876092597879
91.0757309757173
73.5660863108933
58.4352029487491
78.8057542406023
71.2299262173474
45.4191849566996
67.825284383
70.8135569444366
63.4042506106198
34.0744347881752
84.2603673373472
70.5996359698474
85.9780717641115
85.5250454507768
71.0757820867002
33.9830265544134
87.4189496040344
72.5092283450067
103.367145638913
87.0317467488348
47.7364785969257
102.031564339995
69.5712117478251
78.1817418859167
107.612749747932
40.6488928344455
102.777577936649
75.6253616884351
90.5447449535131
59.5142972655594
105.354413297027
58.2776832394302
110.215844586492
48.3701829042193
64.9246113374829
42.6138393580914
75.4787785001099
56.6159964539111
109.388492070138
82.4488953226168
105.240263137966
114.963949006051
67.165859867762
92.2754217870533
30.2307493053377
91.0926404409111
87.6701528206468
59.0036809696778
85.9677424654365
86.0337043181062
31.4719989340236
93.3627868071198
45.8392501808703
95.4248944297433
65.496592503041
57.67392154198
119.244027510285
89.5219362700289
85.0886115788553
126.50048994049
69.5511469854466
84.880050961003
83.3324030041695
38.5260060429573
53.5209623165429
50.2948946309017
107.943403720856
88.9782919390924
138.390615303069
110.679268464446
80.3220150864211
58.01219958812
79.2550638318062
75.8368013733899
110.247887484729
78.2781692221761
90.356033397293
85.0156362168491
99.5993783697486
95.1529974234394
61.2965684384108
71.0679042926142
29.2513473890722
50.8658647537231
93.0486689952787
104.771913867444
77.462659124285
78.9840580895543
58.8091512210667
73.8251616246998
85.3900214657187
72.0006866380572
56.9774081930518
86.0132911242545
60.0099218077958
143.027034902382
73.9412598583965
54.0460625693614
30.4574837597125
65.3924200229374
38.5548078455031
110.816997941583
106.747987028211
96.7725328169763
63.6767972915577
72.3495217241009
42.1262971125543
91.6713587008417
72.1837335352096
78.0301034321161
79.2777914553881
66.0003356635571
70.5220337025821
108.817252144217
109.551342856139
24.7486914405947
96.5762870386243
48.6916359513998
65.4979518472735
105.05712069571
87.5205589458346
99.9473970383406
12.2011465777152
46.8160967791936
35.8823374631397
73.5821251757443
80.2211268804967
102.078688051552
111.570341326296
117.055577319115
72.1994506195188
70.132602378726
46.2968660518527
115.75447563082
102.520883455873
100.159456022084
85.7009216742114
35.0021389675915
40.8508336284479
77.5028933770955
92.1372005715966
83.2788825966418
46.612841822207
83.3484211936593
66.3133027032018
66.4551693014801
95.2356500522952
29.22099865973
68.0467781444429
78.7397288080994
64.9934085085988
55.2119318677871
60.3084892973801
65.2345860933834
92.0417516492307
123.893324844539
77.1331118940295
97.3932581022382
117.719901259989
82.3584451340139
94.8466634377837
83.9933293871582
101.048404257745
55.3472618572414
89.3019255250692
98.6835107207298
47.0097954336828
121.207117661834
62.0997973717749
53.155100828259
110.513569973409
65.5290529131889
83.7116641923785
42.6450897939503
53.9694043807685
108.011842984706
88.701351952246
80.7553709484637
106.789915263653
118.542654439807
107.959679793566
89.3675730411762
72.5996000692248
69.6685230359435
68.7135624379016
114.207120332867
86.6860509850085
39.4035829062608
83.6685858666897
50.4847107455134
73.8683612085879
80.2342631471504
87.9075704142451
80.0035858526826
64.4099285567645
55.8836374307311
113.297403231263
31.0809899121523
96.8383189290762
79.9254422076046
110.914195794612
84.4941209070385
84.4141497276723
79.2331364005804
59.2098733784948
56.3423764115295
110.614118166268
54.261452704668
83.8614724576473
83.4028095938265
120.81406628713
81.0392625629902
57.6841270551085
29.1945533826947
96.2166668386299
41.8434584513307
56.1881522648036
83.1967408768833
60.2267493380897
59.9721048461852
97.372127044946
108.309924043715
33.4121285006404
97.6988041903413
47.1115349791944
56.7394373938441
57.7638869173825
77.1525913663291
60.6189517304301
94.9091349728405
61.8295172229409
73.8175830803812
65.3506819807908
67.4855231899774
100.934674218297
88.6478641070426
60.4881420731544
87.8105641851483
68.5933377593756
96.5698918327689
90.1130519807339
94.329649489373
118.376912735403
43.2109445128007
105.132559128106
42.790689971298
86.4271071739495
112.038879841566
40.8786935731769
62.3336244374514
29.7507112845778
48.1520997360349
71.7760166153312
111.204909253865
80.7940676808357
97.5261680781841
99.3322997353971
113.637700211257
81.4211211167276
35.3672174736857
28.6196117223387
43.430981540518
92.6183017902076
44.4627864286304
73.1258993037045
49.3691303423311
79.379568207825
32.6824443414807
55.7633379474282
89.3149216659367
76.9496197812259
84.4098698347807
118.225915916264
114.38356153667
100.874578952789
71.4305574306036
40.4443174600601
63.480323283674
81.3043614666662
57.3303643588276
90.5682092532516
63.845556601882
60.4754837813509
129.294347576797
49.427004941435
97.3798702470958
83.1524698995054
103.127901162952
67.1813619323075
90.0119892321527
88.952942378819
65.6533804490341
26.9607189443989
66.1299392094934
101.167831836241
96.6587647795677
59.410846373507
85.7794741973396
80.8283943682909
73.3268075622618
65.231660567224
104.048045352101
123.044569883496
99.0748996846378
83.3686903661945
60.9116370789707
73.0438772588968
127.08070864246
86.5286599709099
110.280194692314
103.418188076466
96.909745130688
124.733136314899
59.311720762638
63.1671905517578
59.1335917823017
78.8179086911748
76.8372110646253
70.5844010226429
49.5930109173059
66.0777136683464
66.1215218694426
78.5518192596568
38.1372069008648
79.8213827423751
93.2803223840892
65.343882329762
90.5188435688615
62.2014479711652
96.1599733680487
117.8322320804
70.2386286109686
120.295548718423
102.262816314064
83.7480876145161
67.5491673997107
81.5802874974906
109.115188010037
70.5675796605647
79.4422304488856
85.6102958321571
20.6142880022526
50.2057793357895
85.2397173643112
60.1512123830616
106.278958823532
120.875844731927
38.1281670182943
85.3225601037915
54.7575483098626
86.1690656282008
91.5777259831488
77.0935420069514
61.0420943593244
94.7100295685232
134.452427830547
71.4758281596005
50.6455680932225
131.914532743394
120.416671130806
96.8232842162251
83.6175847798586
51.1793282814324
56.9752125069499
74.2176437750459
80.1599913276732
82.6014121063054
73.7338427454233
77.1824205294251
102.215890958905
106.089783459902
115.69991153376
66.628110408783
93.9413459134937
76.3712929609874
86.4532135426998
93.7875644162713
111.143450625241
102.599196042866
69.2003208520604
100.607368722558
64.04757453141
39.2315918824189
62.4580029398203
105.515410099179
96.5113707818091
113.970259111375
101.617435365915
78.1081097200513
91.7448192675702
57.7089281752706
71.3539889212273
58.5617014206946
129.627825785428
38.4069852530956
57.6265972107649
63.5480996221304
49.0592932328582
82.2024537534509
87.1780671016886
71.6233938001096
70.1137740164995
37.8188012167811
56.5447613596916
79.0277056218848
106.367572490126
148.205420730741
41.8647974116788
120.75174767524
87.0026071555912
93.4848648495972
55.7066882960498
115.458372700959
84.2372750863433
73.5635530203581
38.4291203692555
67.9574230621543
61.2233675085008
98.15110899508
81.4854101775496
89.889401011169
120.394955761731
55.0655184313655
107.63125224039
101.420798432082
77.4133323691785
35.1794386516432
41.7235979810357
96.23942989856
93.514983728528
85.4677877388895
57.6715096941962
46.3135645724833
62.7898290753365
55.3483761614794
72.5223403025824
86.6925473324955
53.1151112169027
73.9423061554905
39.0328795649111
129.102865699679
87.6683533191681
65.2782265525688
41.3068485446274
130.114301200956
67.5378858111799
56.8750197067857
72.3549080081284
27.4852951057255
96.332414727658
76.9756692461669
67.5552666187286
50.8768854662776
80.8925566699719
86.2636758391726
84.3919741921127
56.0033302226168
151.449640523378
72.9351526126266
51.4320273883641
89.5999742303401
95.400252006948
78.3775104209781
36.7923606187105
84.840391504748
85.9177817590535
132.5748257339
52.4838570549412
88.9993380755186
73.1971303932369
94.9587720446289
46.0668516801648
42.3016470856965
52.7293770574033
81.7748932167888
41.9604710748885
78.5165474665336
118.697314336896
106.775147467852
102.172886393964
90.5735397003694
87.6234128139913
65.0261028669775
65.7085959799588
69.2277674563229
53.4497357466307
55.6370972870549
89.1546976743436
94.8578731156886
81.6463756375015
63.9380483736679
121.122715063393
53.1240469776094
41.3924944620675
72.0215423799053
69.1054186783731
107.226720172912
85.8497473411262
47.5567511282861
65.4890664853156
112.032780144364
56.7474188483434
24.7021478426559
82.5937305577099
88.5022221133113
50.1277047731552
61.4594722166657
93.7100062146783
53.3528725616634
71.7784706775278
133.948480617255
60.4551261290908
77.9931390658021
103.653864283115
86.3815280608833
49.2135020739297
88.7510919943452
75.7787563838065
64.4725780160616
35.6815756298602
89.6236869506538
115.663153344182
70.4881343059242
66.7532432824373
106.899219192564
41.5562958456576
94.0225047059357
80.9898673556745
46.7388133518398
77.7782384306192
31.136765745315
98.7064272165298
106.390057969838
86.3760624652351
90.6366216950119
109.428083151579
85.293482709676
76.0439072264247
98.2407751431144
126.322451978922
64.8797614499927
120.863303914666
64.1514378837141
47.8273045430613
70.0669752433896
131.86362888664
61.8921901099384
36.946746148169
96.7448933981359
90.1223244145513
47.9314051971989
64.5211974158883
43.1381239005548
26.6697979532182
102.995970689733
94.7161440737545
33.9208762161434
82.3215552605689
47.1724280156195
12.0961974210477
127.95822257176
76.0701207837944
80.2906388416886
85.3980489075184
81.9592835381627
64.0893461095476
104.298986773938
87.5076268799603
80.3635615634995
112.499342858791
69.0540304366303
36.3648470705987
99.3025555362963
92.4324460327625
28.5616279579699
95.1137823984027
64.8236513137817
70.8251627162099
74.7899424949698
36.01053962484
73.1064136140049
74.9993478879333
38.8454146683216
45.6982829608023
114.653364382684
79.3595967021806
97.6346414536238
47.9684671387076
34.6709964919509
117.198587302119
113.612381741405
92.9055938066635
63.9218368567526
42.9413467131114
59.5204341806645
91.745665948838
87.671687360853
70.8478725906318
44.7493366655728
77.326840441674
64.7065582685173
114.267934765667
95.2634969726205
66.9299370609224
97.3209067247808
79.7968490980566
50.9955672547221
95.0634981267068
50.0978752970695
86.5922743454576
82.8156799077988
28.9271259782405
14.7056265734136
46.5136124752462
38.9316966757178
78.1661493931196
76.6665548313198
111.530562506085
41.8335163034499
101.657138206065
67.2675564885139
81.8856185302138
44.5479809306562
55.9351923875511
52.5688585825264
35.5854786932468
103.847266361117
25.926352199167
48.2875770449985
89.6052760072052
97.174553386867
118.747225776315
77.6027617976069
74.9807709828019
99.1225235164165
44.3532802164555
64.8708906024694
107.715133950114
87.2708059847355
57.1918686566299
97.3692894913256
36.3650352694094
71.9393042847514
89.9637787602842
42.6752523519099
43.3807712979615
78.275493811816
85.6942463666201
46.3455045595765
82.5308654457331
69.076666262167
83.2825176417828
44.8252931027689
46.3861582749776
101.22276908278
26.6173860876533
65.4951655841919
65.1128849184744
65.157522807102
68.2289101183414
84.4623435716942
44.5417629554868
54.0668063797057
105.600682646036
83.1967906095088
54.2658118531108
71.6972634196281
42.9947006993757
70.5005532130599
46.2290922179818
83.3135101012886
90.7360310011782
80.6593779235215
104.780197702348
77.3619368361108
98.4574024565518
59.3868498065804
99.5982437394559
30.5633158423007
18.8436581753194
119.618689734489
63.8031307583521
102.533037960529
49.2012687958777
64.4452221691608
112.685377547894
39.6781067363918
83.9248501695693
45.5342076061214
100.430720439588
61.3738875106535
94.6186039596796
88.9060297866293
117.910347878933
35.0127613171935
121.115843206644
61.4892734291911
66.270989831537
88.2466211517642
115.614822693169
103.332154173404
74.9749939888716
33.7019155488731
50.8107188723466
76.782485935837
69.8639569906859
93.7659370712936
71.8687756918371
120.272842235863
57.2761474177241
55.07144741714
107.5668993406
76.6804771091171
89.230483956635
64.1745144501328
21.070265583694
48.2979809865355
68.766555371621
94.8960210196674
51.5352047048509
82.4962711553863
59.8368309438229
84.2831740155816
58.297258071023
37.3299835807921
35.9109450131655
76.5052637085319
65.1367418865938
81.3762770965695
94.6585344150662
91.9634686992831
76.6679088585079
47.1221011085757
58.6488757377149
79.4542106799781
78.0105103738606
70.1793732121587
111.886668205261
97.1327467821538
89.0665982849896
53.0735549193798
60.0671617247463
91.0805313847959
65.7756891101599
67.1498695909883
57.3977062478662
80.4780920036137
78.3447628840804
107.335359975696
88.8727106153965
60.0251067852382
70.7736396230757
138.061617407948
127.933217771351
99.6141105890274
88.4823786094785
99.6531262993813
70.038987814865
63.2320785820777
93.4560559496772
31.6663180204829
64.3036901950836
68.4536387871306
113.238416053355
98.6863538622856
77.1641371771693
91.9871868565679
130.573908701367
74.7901896946132
77.7155253104866
54.5586715452373
79.8427815549076
95.2680970542133
65.5930420383811
82.5658047571778
34.0482680127025
72.526478394866
14.6550941281021
88.1770556792617
66.8630190193653
60.8256525360048
111.125414539129
71.2780322879553
90.4820194467902
80.4872795008123
56.4747724682093
63.7841645628214
74.2914216628466
48.4295245980239
26.6136441618014
73.682066833891
47.4581300280988
101.877415180206
80.9448609128594
46.9685815274715
82.9957807436585
70.9947458468378
88.9715253831784
42.3307732591932
66.6780600303634
77.8881571255624
81.377627234906
109.499089792371
39.0956702642143
95.9520323202014
71.5945723466575
100.233019609004
88.5317967273295
43.9108135944405
95.0234022829668
83.407290559262
82.9355728812516
48.3149074949324
106.060693692416
65.5745482072234
76.0659680701792
105.475466635329
82.1000440046191
66.9141503982246
81.1724466271698
64.8894232495929
68.9712684601545
62.4533858150244
92.3022274921777
118.389934115112
98.5313526584687
98.3385292813182
93.3895418144095
78.0007816851139
151.789479508045
98.3766214922071
140.762871122899
107.870355900377
122.311915736645
108.245329279453
64.4917753525078
70.678075704989
73.6127758282013
66.8606567225627
98.5605046153069
99.8481451533735
61.0482826049893
76.1688400059938
93.9742096699774
93.4323996165138
108.286074828357
76.6979893195217
32.3004195466638
77.3744080215693
70.788845140487
47.6466914772876
26.4558917644062
102.084138896316
77.5050589814782
85.4407455836091
53.6056463606656
34.9895192310214
99.9976113438606
34.693400180003
66.0839629152851
118.729562591761
89.9191475473344
102.618911024183
57.5086567550898
61.8360961592834
73.3253380110588
53.874032292515
108.130076248199
61.7122698575258
73.2005228288472
58.0271365121007
68.2076171971858
74.5985868386924
73.6517910845578
60.4766676202416
64.8074875614779
85.6072858907282
75.9128487668931
64.3916212953627
27.7015111409128
101.0094916448
102.219952456653
96.5444784611464
61.9086403820299
82.730919495225
19.724977016449
132.734019961208
61.3168567419052
68.0177577771246
75.1654432742976
98.4218782745302
100.857102777809
68.4924524277449
67.8010707721114
83.0437161959708
73.5062983818352
77.0939646288753
60.0969396531582
85.8157188631594
82.3323613964021
69.6189000271261
56.0320239585622
86.3953093998134
56.4679410358763
96.2142521515489
88.1237237714231
54.1111011058092
73.4663949348032
61.4906048629007
76.6375875100493
120.528544764966
73.6174997873604
23.7004674039781
123.259057477117
93.287472169599
60.4775247164071
18.9828180568639
75.4279047250748
75.305912643671
94.9331308715045
102.349841315299
103.732040710747
153.542815699222
105.514926360389
42.866319976747
80.1206432282925
79.6719516314473
81.2795905396342
109.596233721823
94.8601808723274
90.6457304557084
80.062865652144
101.11346533522
29.6849738174468
58.3235041238368
80.9556621126831
53.339851086241
116.544268932194
118.034958932549
98.3610479882169
61.2077606841922
53.5333247855306
63.7931955978274
79.2260415066681
59.2454576792829
102.352791570106
77.4177343340734
68.6876814812422
96.1163434199989
79.8441892206736
29.8155217431486
91.5403909049928
98.7932638089271
35.675888042897
53.2131477875086
30.0912920385599
64.9608672596514
97.6859850808978
116.890963725746
9.48305819183588
121.844441536814
64.6131929411217
69.404970202595
27.030726826275
6.00662138313055
44.3979160860181
81.7218388487842
58.9987549231696
77.4284017272294
83.6249173618853
52.7705426846614
106.381887663156
41.416859254241
78.5620951197804
24.5350087891921
90.3150197118521
57.7806917771905
103.190104011446
101.27667232983
54.2304505482657
67.48615084216
99.329049885273
83.4526046179235
101.729774230104
82.9407467506826
84.9952642805874
80.7606366463006
105.417776480317
69.3727330931123
73.6716637387872
61.6605702787638
12.1775706298649
53.2961680553854
101.947411522269
64.2544673755765
119.317647907883
91.4040359668434
129.773933067918
116.394181549549
91.7597645893693
69.5037846768159
40.9205180284177
86.7614362854696
71.6206591576338
79.8169309273362
115.996048040688
99.6923865750432
53.6412609741092
45.1019791004792
71.8096970424677
79.0508409962058
75.8221237920225
66.4778103120625
28.8889650869376
81.2910390086472
89.3602767959237
97.7977182716131
21.7441427521408
77.0510860718787
83.5959577001631
80.5870343931019
66.4565910585225
114.208383362223
97.4773309193552
86.7440420202911
64.1540275787644
123.08117505163
40.1186750270426
92.4381839111447
88.617486320436
76.1580298654735
71.6780127957463
31.1278877779841
135.11346783489
106.985034555513
95.3812743537128
131.632274854928
90.5353979207575
89.639966096729
88.1102743351581
88.7283187359571
40.6042114831507
51.459308154881
83.0565971322358
123.266227450222
74.0505213849247
64.5656342618167
81.0431436635554
105.049355141819
98.0892192572355
81.0173694044352
77.6411320082843
113.318374473602
69.8403557762504
77.653544396162
54.7831477597356
35.6449947989752
50.6132804788649
138.805340195296
79.3337588511959
35.6096770614386
61.383007094264
73.9773443909332
80.1407462774415
77.8868138790131
29.6122522093356
28.9445579983294
111.656911484897
81.3002952374518
68.3283295482397
63.3391017094254
80.1974048838019
43.5815245068009
64.3208274617791
91.3959647528827
81.1939625069499
102.0392970182
59.6994479444047
103.676383197308
30.996915660332
52.6830295319746
71.8234624713659
69.7202309327191
101.654484961182
94.3693218752742
96.498757135123
96.9218527898192
89.0592197887599
105.024549178779
114.897840083542
91.119730938226
57.6698096228042
43.5658812522888
61.5655140019953
77.1046149197786
78.1745621498108
90.7341234385967
99.5716571807861
101.894788164645
80.9716850502834
47.4537667818367
58.2266633398831
63.4278701212498
92.6763446070254
91.6090143844485
102.66502359882
83.8611374609172
97.8812281042337
93.2644656859338
54.6426302753389
120.725391805172
45.3034350912255
45.7941263914108
97.1717280335724
93.1622935459018
110.896178614348
52.3480408429108
29.1770556010306
98.6810637637973
95.8306238055229
79.1983529925346
86.8460215628147
49.1240095347166
19.8996589314653
94.910095911473
46.0135168395936
64.5172104239464
66.1015662441712
130.506235267967
68.3687348850071
52.5669024325907
70.4335324466228
20.2658668160439
58.3990809507668
85.5413884855807
93.0898824706674
81.5946043469012
78.5427683964372
90.6010486185551
89.5781315519682
68.7901774421334
103.223139047623
73.1243906542659
59.5098797231913
67.6193430260956
38.8643321581185
82.1468086913228
111.172339878976
93.0268481373787
39.9587811902165
103.439615946263
74.7690413147211
74.3178302422166
51.0594573803246
97.7682927623391
68.4382005594671
102.946904301643
104.433170706034
74.1769633255899
113.877116981894
19.2280266433954
118.212206582209
61.3291717049113
75.9291020389248
54.9644691869617
96.6428522951901
96.4709592983127
68.6917844228446
79.2173653841019
42.9477858357131
73.4877519309521
95.8300484344363
74.14660314098
77.5424217805266
106.825779937208
99.3875037505306
71.9351099963417
51.6450319439173
63.5531022213399
77.2902395576239
81.195327732712
40.9643002167041
78.3269565552473
108.793013449758
115.83051495254
112.161189503968
104.252539016306
62.8642144612968
83.6786910891533
102.2351577878
110.167179164455
96.7201385647058
56.3505929552384
44.5161063401875
48.9573309036488
52.7224922552705
32.4234963986814
110.193886514753
101.556690875441
69.0803573466837
58.9711635373533
52.5339684449136
77.3546920157969
68.9064702950418
69.8365123493619
93.8900515986931
52.7500600554049
74.5095089551781
84.2419736087322
76.5404556877911
83.8996305130422
27.4011118337512
34.9736808550662
125.280035566539
152.135755485835
65.3694846667349
88.7534189969301
56.8927298299968
53.8974982588183
66.7888791796927
82.2367644868791
76.2255073525012
101.794867962599
92.2189137898386
123.441678099334
36.8014289066195
94.3609378300607
69.4471470080316
89.250901199754
83.7960505858064
94.6292927488685
103.419832885265
98.3400092460215
88.7032539583743
26.6746722737505
82.0816119201481
78.0440827831626
95.2875179325993
46.3672972284257
74.8762026797736
75.9333812184517
32.723741607518
85.163892339915
29.6514951623976
117.92671578917
105.505225341767
91.0167629830539
33.0493839224348
61.0480900853872
71.219858514075
78.5628684810333
50.266607478261
82.7785819768906
98.8891974648284
99.6691824868321
112.350439839065
68.2614383287728
84.397497959435
127.131330687553
79.4600280218461
100.552790053189
91.3448981940746
85.207284707576
53.6227320320904
109.363090526313
116.96010529995
63.4740062057972
88.1556086242199
92.139249201864
56.3831621780992
115.42920768261
68.5885044684624
103.657812159508
91.4188142216951
82.5668136589229
68.3599391952157
74.858119324654
38.2994753308594
131.574139650911
75.4860957307198
31.0682648792863
43.2409474626184
54.1015492752194
69.4232973303595
102.456894237548
68.9064409292257
28.6726683066588
86.9015515781939
104.551549814641
91.1150081083179
102.241364680231
92.3703973181546
77.8649339452386
102.664178330451
36.56250381122
85.483032092452
70.6089778803289
72.137410286814
120.135547686368
101.474122851543
126.805466786027
81.3707210265148
40.9399849362671
111.864457558841
64.6684914827347
50.8795509288019
82.2604676285901
78.115457855165
83.2137227989733
71.1965799331665
33.2520659296181
65.2557428926229
13.8079618350614
57.2175075300038
68.4660636819899
48.2373641803861
65.4316836968064
131.663229782134
85.9648051671684
119.207919761539
13.9478014782071
94.1607544076685
65.9197972679974
83.2408931938034
63.9549853401556
116.098394431174
77.5476906448603
96.8659167177975
51.3920891098678
67.4842181912788
97.3095845431089
107.64885339886
70.4966431483626
63.8343777507544
72.7506796829402
67.1788377687335
103.655230812728
65.9160051511293
106.281401216984
72.36153408885
72.6280645467341
65.9838962368667
54.0005541406572
103.428259398788
95.9452941082418
45.6393746660368
56.6361136734486
32.7342776217191
73.3097293414176
78.2588963229568
88.3448461070657
61.1343193348701
18.5442361980677
86.5518733965978
62.4968240968883
139.827261820631
71.0101532749832
66.9432863593102
116.682242388681
87.0572462677956
63.2815837860107
97.2281354666731
92.0513305813074
86.184529770966
82.30816796422
74.4849469243204
91.2763767875731
76.0776821652865
111.63114849478
72.5212908349931
52.2381148301065
99.6386676095426
46.7811341369084
79.8485053252955
126.862518768758
47.2048692405224
61.4292727783322
119.041518960148
127.299178112298
92.6671444438398
74.0917900577188
38.3681094483328
65.1097818225857
60.9782393090427
83.1386995501816
82.3035555891693
68.5158891603351
94.5371504873037
85.9286013990641
93.1207045912743
74.6402470394969
115.938478697334
25.36257263273
110.712780151516
75.3393767401576
98.4374327585101
67.833361908891
91.3959171769338
74.9131122604012
40.6569321639836
87.427936927063
68.6767637404616
70.4776713624597
115.215237531811
107.877591531724
75.6258397363126
24.8581207357347
82.397872954607
83.934311196208
126.888200015351
87.9120479668494
55.9184790588915
95.551541261375
72.1919103779859
57.7199089340866
82.0206180214882
109.159296751022
131.198876351118
64.7436480037868
63.8177814893425
51.4887761324644
87.8268260508776
72.8196151392978
57.3303019627929
20.64833482241
62.0462965220213
94.0423430844165
44.9855495961308
17.6005819812417
100.342402327806
74.1022430360317
105.747209023684
63.9828967861831
88.2441524416208
59.0320719406009
65.758419316262
83.077498648366
60.917953774333
91.3315264282848
97.3405172117054
43.5673674568534
115.124534536153
71.9636748544872
72.4456975234129
88.4152224287391
34.4323558655133
33.2384333945811
63.2516508921981
61.3550626672804
58.6317385546863
51.7478043213487
87.4981469474733
90.4000125825405
86.6805748082697
70.322332624346
82.0131478831172
125.70723881945
85.1012218743563
60.4136778538979
96.4803224093267
45.921877771616
55.2287864498794
40.3460909501147
80.7935014367104
43.1615660898387
60.3399496525526
96.0111143067479
82.0376425981522
58.8944773255267
80.2333867177367
72.9463363518656
34.9137354642153
68.4961423277855
121.260343585163
131.798058561981
116.433070134372
86.1131555400789
94.0126047469676
98.5623199492693
116.087800823152
118.132154332151
106.483374256641
43.6265754513443
84.0983121655881
75.7728529162705
67.9173150099814
61.8183011039431
60.4056591168046
45.880229305476
46.3743702508509
103.85228022933
63.8160386122763
74.5340691879392
102.485016919672
60.2715083397925
83.634714782238
43.6446124687791
92.2401240095496
66.6233344003558
136.42872273922
85.47348883003
41.0712396726012
96.5530999936163
73.0247447267175
32.0544609799981
103.126506879926
96.7749934458638
36.0798423073478
76.2698899954557
76.1361566372216
41.0422808204649
119.15427763015
105.869601573795
56.6116946749389
41.9672683812678
77.7610380445247
78.9648584971323
35.000966489315
53.7227411754429
80.1568399183452
107.370721269399
82.0262922905385
61.4579028449953
103.537296783179
83.6505518294871
64.7465275600553
98.6637881025672
105.814214330167
105.51540435316
82.6129171997309
9.22954250127077
95.873152371496
64.6431834436953
97.9574859142303
84.7584721488865
60.2397013455629
42.6377366296947
127.187033000694
29.4532061002341
35.6297666206956
61.9068964384496
37.9684677347541
61.7860915139318
91.3432355970144
80.1758290268481
61.7072133347392
108.364824764431
106.031048229718
74.9171225354075
63.6467082425952
66.4865360595286
64.5733676850796
66.0758251324296
99.016487877816
82.3092387716102
72.5187287665904
92.0102790929377
87.5952535308897
76.2235053814948
70.0261638972544
67.4042569951473
48.6577081494033
153.449179968777
96.2369152502087
81.8982099506204
51.5352800488472
76.8592211647342
24.0534783340991
97.5980624556541
75.2218880588447
88.6683744856912
70.9844789467752
61.192177888006
99.735451862216
69.1328612156212
36.2069369991751
62.1530086733401
134.057046007365
82.5655757449567
64.8788192919261
76.2136450968683
16.1398305557668
110.698994360494
93.889396533308
25.5194263532758
62.8618302755058
67.6138488575816
73.5603172332048
86.1335006542504
41.9021309353411
60.0044473074377
98.5807537875044
72.8344951756299
137.141530774534
62.1832483448088
69.9718088987807
81.5169870853424
60.0146910175681
81.1637538685261
19.3357788026333
115.983507782221
113.278471399099
41.7666552588344
32.1249611057771
111.59599442035
85.8229058794677
81.9370766170323
116.273557052406
59.7971134647212
84.2154550366104
68.1583898276706
78.6131151951849
104.400690416271
108.949544932693
114.471993036568
4.39879482132916
75.8518255315721
111.304568126798
84.2403762973845
91.1529871635139
95.7058015986948
63.2201863452792
89.9960737675428
60.320839472115
98.202763684094
15.6209389679134
103.833028699627
68.3452473336809
13.571360334754
77.6370991021395
47.5014039315283
46.765137662916
120.160147547722
44.2240003712117
85.6630485504866
98.8816926975115
51.1137791909277
84.9556603468955
100.330827385187
28.9956014041247
39.1000249423087
58.0186082981527
75.664518494159
65.7459317706525
60.119054466486
19.2890530067032
112.457659747452
63.4854450821877
