"x"
54.718509313209
38.5242493823171
57.4266793206334
53.2192264683545
63.7072423227811
59.9889829754829
34.4742839224637
36.1466367263347
67.4960986711085
41.4595769252628
45.8334250126885
21.9596062843877
47.939974302426
53.7109917671495
48.6788502946838
47.4697807338089
46.387962764129
61.8540295865387
58.5107119753957
40.8697003498673
50.5897258408368
51.2290873099118
68.9810869749635
30.3831072989851
44.0473521593958
35.7639872469008
28.4126332495362
43.6366766225547
55.9950673487037
27.4660477601976
40.6075477600098
56.8041331600398
54.4262583874141
72.7125111096216
52.4459761567414
33.6170835886151
56.9653718266636
62.4384035822004
53.3830226864666
91.7888347230425
49.8058083057677
66.5070392657071
61.3394247833639
53.387715248391
50.956596666947
52.764146309346
50.845305130426
55.5065053515136
62.8623256925493
49.4862590349709
68.7022014986724
49.5424961671233
42.9013318382204
38.3330266922712
42.9990419652313
64.5090775098652
42.8578254766762
51.578802568838
60.7818004209548
29.5396360145934
77.162019811095
49.7705206740648
22.1330927684903
58.9067540480904
35.7688084346772
24.4145398028195
56.9734698161483
46.2727714795619
23.1438599065057
35.7791266404092
41.7694728355855
35.3197788354009
27.1884233680087
38.9781199861318
74.9863370364343
41.7906533926725
40.4022674467347
55.4133675992489
48.2020752504468
56.5523011921529
57.9130125697702
62.9961408674717
52.256253734231
21.0394303314388
46.3303883740046
32.4169403873384
33.8889400474727
70.5306645440769
37.4006523285061
49.4809885974973
33.0261860382096
31.1357256025076
72.9460796675849
27.5253751390726
54.1295196861029
46.4058969169855
62.8697361797094
43.7378929927945
66.0206316504627
51.2132178992033
62.0195558294654
39.2979714057039
28.0638048425317
37.4262996017933
59.1010166332126
45.5627379227002
38.4638381441358
31.718010129407
44.3195750005543
56.8708170121736
50.895819067955
39.8812642320991
62.5553182326257
37.9182211448765
49.3474076967686
45.4406957142055
45.650217263028
25.0842060701817
52.2973368410021
36.2272255151511
32.6671464758625
36.3520230166614
52.7094977442175
30.4562860168517
52.5722437072545
80.6393271270108
53.4851511474699
49.8400275595486
57.3339209891856
63.866825029254
41.7082433123142
46.7952330131084
73.9117597416422
36.1260949634016
65.3133113868535
57.2765437420458
55.4485538043082
52.796990564093
30.2469806745648
35.8169140294194
56.075490395327
44.4940995424986
36.1759619321674
51.4618381392211
36.1430914443877
43.1015052832663
40.5456770677119
68.4521909803152
35.7723188586533
47.3786253947765
50.10124319233
42.9342967923731
66.9729935470968
51.9755076617002
60.7164167333394
42.836901080465
62.6568567473441
45.9889001213014
50.3876163624227
35.8417323823176
51.9889105577022
33.7985794921296
43.8125679269433
71.6961408204804
46.2626236956567
47.5215165030679
66.2248286884278
57.7013929572256
48.9343273441908
49.7058344183091
49.5964747387916
73.9118788349343
33.2822095602751
57.9751317389309
58.486160216853
38.9361431822181
45.7061260938644
37.1594117488712
20.5381742212921
43.0117598734796
34.6456600353122
37.3509465251118
72.0054612912833
29.9550324678421
40.3246654543051
49.953085789457
49.09499110654
32.1822495835542
18.211492523551
32.1398766492604
41.2723474495545
47.9413783643395
35.8877268154174
55.5507968645543
41.6090523358434
64.3121398519725
54.3356590438634
57.8167986590415
53.4378539770842
57.4045974761248
49.4428060483187
37.5800115804912
65.6817151699215
51.3615208677948
72.8054596069169
50.7329093292356
31.6300334874541
51.889063231647
31.4767169300467
36.7047906853259
64.0069136861712
53.8986269384623
53.5087493713945
42.8933560968784
40.7055973540992
58.9583716995501
28.7850367836654
35.1411273237318
43.2469726540148
49.7845975216478
55.0937239876059
54.0023242134865
63.9693030156195
49.1715487092733
48.0878188178258
35.3065473840442
65.2853516918233
55.925003439188
39.4487533718348
56.565901869908
59.114738740027
55.7462160009891
52.5971736293286
39.2177874222398
30.9288362506777
73.0930702073447
52.9884936287999
53.2409931067377
43.28802251257
58.7608525995165
49.4056584601641
37.6297896585833
50.8099581114948
60.8909816481173
25.3711764235049
53.727212222293
55.6220555212349
44.7189164347947
66.7474655900151
57.9925179258442
51.4019154477865
52.3028166033328
40.1164205879743
67.9323945194483
48.0774561482244
40.7313961070031
46.3123390451074
35.2033014874905
27.9636039403556
57.5902081094682
39.9764200672507
46.4488775003701
75.9775368537205
39.9881174322218
54.4300083536655
53.8786755874753
33.3872956689447
34.1251709821034
46.3265902828425
35.4436991736293
41.2309494800866
53.3024396281689
51.6790823545307
29.4640434219183
59.2897628899664
59.266225527972
47.9214462917298
54.3435568921268
42.815709952265
42.8671328886317
62.6253786962479
34.4643182121217
38.1080304797676
37.4371048994362
46.017579288665
35.1015955209732
53.1084077385571
47.4821691866964
68.3844146784395
37.3683845624328
35.8653305520011
45.5880356952548
33.4874069783837
21.4698072522879
60.8334570186132
41.3730941247195
26.7175202635919
48.6977779772133
29.5189875596353
49.4879485107958
30.5589916184545
61.12966616638
47.9202253278345
54.9079149573993
39.0655036550015
36.8065363084396
40.34159691073
33.4664338417085
41.7474896181375
21.3001370168384
40.4757133325279
60.4895640630275
50.5970643367618
53.4626423381269
52.5817150715739
51.200423806092
52.7528661768883
60.1471239700913
68.5170140117407
50.6830255500972
62.7469109836966
52.4405627511442
39.8759879970108
56.9912892766297
30.5077021308284
40.4874169267714
58.5377848707139
42.6480330526829
38.9732622075826
47.1651935949922
52.5274249066082
22.3879473749548
50.2593608116244
30.9343939181417
53.7262219935656
39.9388912599534
46.7179477214813
49.0460806435493
32.655083341524
54.606821294874
37.069508433342
58.4427232388407
15.9399848106188
48.1744535267353
29.4856446795166
37.287069670856
80.1015190738154
57.6993746683002
28.8930539924835
33.8204374698852
46.2792186066508
38.7137579265982
64.0893099363893
43.6355893334188
32.5019125826657
41.0104204900563
59.9370443556264
46.8509404639288
51.1987797033316
59.5481464639306
31.098870979368
53.9602977689356
64.8746352642775
64.7496595047414
37.6773815870785
32.7362120577211
59.8083567805588
20.1757820788771
46.9507242552936
36.4755131769925
53.4189301077276
49.0797500591725
48.5121405683458
42.1953347977251
58.1194915343076
45.3483004122972
55.0107222981751
58.4845600338135
56.6926310770214
40.8598242793232
43.0199269205332
43.5647583100945
41.898255283013
49.8366757484567
43.926779134199
56.986295664683
50.5527264298596
47.9235913274596
59.9965635687113
36.9562967680395
57.7083677519113
32.5008573941886
78.137356038661
44.339241553098
34.459362225607
39.03953791596
42.3356608953327
40.4747865255572
29.5877567492425
54.802081438254
44.0162057988346
47.9138847440481
54.5494959224015
49.0533775184304
46.264042519033
31.0772519495821
52.3914330173284
34.7182604681502
62.2544995043427
55.5715607944876
37.2978087514639
57.6480795163661
49.082642653957
65.0125797837973
35.5782988015562
58.337527140975
52.9755618888885
56.5749989822507
66.6036900132895
39.7364102303982
30.0879073794931
59.7425107844174
65.0889513082802
60.9561468940228
28.3378240186721
33.0095439683646
26.2359001208097
38.8922911072423
32.2482423391193
36.2536498345435
53.6805111664729
15.5973062768831
61.500454461202
70.8588399882329
46.3640647009015
60.1164363110945
74.3522810942487
64.7655874490738
53.1409562099725
67.8805600851774
33.0153892889416
73.213092145782
46.66458517313
46.3946311268955
60.6445538345724
66.5157261304557
57.5999326538295
44.9251568766251
37.7235529012978
39.9563351313937
57.029247097671
49.9769839923829
56.0342337936163
62.2853969223797
59.4714283477515
38.8928608317613
52.7672069187146
21.7487616930157
74.9233203898084
27.4313597939909
49.5493781752884
52.4427660740912
39.4711469765753
47.4758681841195
67.5948176998645
64.3324412871152
36.9505801352518
67.185110672374
53.0468654818833
46.9634531531483
61.2029527314007
33.1052113897598
73.2578393733597
59.5223545562476
33.7761866653488
50.1999320462346
42.8434471599758
77.7333376872354
42.6071982365102
54.1180381085724
47.585373558104
43.6521844038685
55.181275960058
66.5289793163538
58.7910290807486
55.1551827229559
57.0640963036567
44.0773944624775
39.6236006636173
41.8090396560729
69.3446553348861
21.7904269257687
32.2766619734466
47.8032608050853
39.6853442769498
52.1359989213033
54.3561208993196
34.150884323863
44.4632220191816
39.8473553359509
48.1608325149864
32.5826444663107
62.6815850380808
59.7438156604767
51.7909741494805
37.5569723080844
55.5284507572651
38.5407363530248
52.2190304938704
77.1563953450612
55.0095215439796
54.0520010050386
41.8271803762764
56.653797859326
60.5806324630976
53.581706341356
37.6524822919583
48.0374310631305
38.7979116756469
52.4142937734723
43.0598241277039
55.7662382721901
37.1689897475111
62.2017038986087
42.510432889685
53.1438860110939
52.3484224398813
40.4111169744283
53.1866632401943
38.3630735334009
44.69218342565
48.253350192681
37.689834786579
66.7020087130368
62.7849673852324
61.5259392186999
69.3906574185619
51.450670696795
70.7048005974575
46.8598616309464
46.9090098880963
47.3991796374321
39.5751282107085
48.2081733178347
47.7395784575492
56.9423519540578
59.6750701777637
65.468317642808
44.6165951455121
66.810801718384
46.9265577002314
48.54146512117
46.1138141068022
30.4795483592898
43.1163064669818
30.8659438975155
62.4901425093412
44.3730286322534
53.4292258322239
24.6868439484388
65.4213554691523
51.0154765604753
58.7671986781061
48.6664659599991
35.3255982476594
77.4881667415512
27.768980525434
63.1005335599184
53.7041538860649
41.4830794092268
32.3569298256189
47.1318340860307
56.3481013756245
68.8590781763196
45.0584810692817
64.0552854631096
71.9950586515379
45.1208168175071
50.6785789504647
41.6111176367849
45.8678643684834
24.6534580830485
17.9329056292772
36.7544461041689
67.7307290490717
54.0580912493169
40.7200823538005
23.7363507505506
49.6831585187465
37.6966007053852
62.9833288956434
51.165637280792
54.7344141639769
23.2831665083177
40.6681356485933
57.8703554812819
51.3259111903608
68.4458817820996
49.6566043235362
29.4816465117037
47.2229110077024
35.4878182749019
48.4053221065551
46.0725513461434
60.8898813836277
49.2388287673401
56.0413403956239
44.444935163483
39.6243985742331
38.3165603858824
52.5064943823963
69.2818060982972
39.6951995790005
64.2816206905991
60.7309601735324
49.9426025431603
38.8277977239341
38.467612960435
33.9669867884368
43.3247381355613
54.909377777949
29.7261803876609
55.0935892853886
46.7687219846994
67.129421280697
50.6887389812618
46.2543633300811
44.483232870698
45.22601017141
28.417941275984
54.6582892443436
41.4682863663343
54.7697099391371
51.6553820110857
51.2767634354532
37.4757397454232
36.0094021540135
55.6715216021985
56.2841759063303
60.8170651830733
59.2698578257114
49.867638014257
39.1358034219593
63.4482720401138
29.9258424569848
44.6469581281417
71.0115711162698
26.6103773377836
52.0559825473311
47.0868413336575
65.5808803159744
37.2100682463497
58.1959838513285
55.9692949522287
36.0381427718779
18.0805618685036
46.1828848368712
40.4588091187179
48.2847490813583
72.5664525411814
39.0624405242543
52.7702461928129
28.5234346520156
59.6406121738255
55.7889736723155
17.2801401372756
65.2125127147883
51.2924666050822
45.1754349283874
49.3510621599853
28.7498373491232
58.5544884976861
70.0300030368281
53.3162524923682
41.7315331287682
36.8155353236943
41.0995125226809
48.8423311617225
34.6609943584594
40.6237478833646
45.2488617040217
53.1571371955981
38.511261392084
35.5557589791715
56.1005821451545
35.7406585853676
64.5640657283366
38.1486606784165
56.2382869422436
65.0650471448898
35.9079436864704
37.8780566621572
51.5893408097327
54.8072715289891
34.2007789760828
75.7781753274513
58.6649180389941
50.6531955208629
51.615701476112
59.8107221070677
36.9264276372646
34.6497789025307
63.9098132494837
27.6238877791911
64.0434703789651
57.1284233592451
59.4752345699817
45.7447978202254
46.3394742459059
68.4155466035008
79.2822668063855
60.8064803760499
29.1160133201629
53.3199787199576
42.1279172878712
45.6697404384613
58.911628741771
50.9775836486369
46.9227310270071
47.2286897711456
45.9929256551681
60.1460652891546
59.7058326005936
48.524865321815
48.7602544948459
56.3292395789176
53.9464832283556
49.9234833703862
40.3931873384863
53.724225377664
52.8982475865632
32.9360033690042
43.6502592638135
60.1398513186723
36.308755679056
48.7230611033738
49.2700812445193
51.6702387481928
29.5613442081958
42.9122319445014
61.7801921442151
46.4916556434231
34.0112346690148
47.3640290206345
48.398525128141
43.0789624340832
59.6974045503885
67.5842478405684
50.6117871962488
62.5124706421047
44.7094881907105
51.2534076813608
53.4640479832888
63.4723462164402
67.8205288015306
40.8826997503638
30.7172551428828
46.9743561930954
54.2231133207679
41.2039719521999
53.0038491822779
40.4090917669237
38.5000022883391
56.1962331645191
46.3549795560539
65.5495893675834
46.9802087172866
64.871669607237
33.2596365362406
33.1099510658532
47.6710887625813
58.1384408287704
59.8189505591409
53.5614078864455
74.7225926215661
53.6044947337359
32.2053523268551
34.1852942481637
28.5697438754141
39.1765777952969
61.5561182145029
36.1660473788654
60.5949395336211
74.6968447188747
51.7526022624224
43.8401105813682
39.1885770484805
30.6810199283063
49.0291062742472
79.5098137334914
52.0977341104299
60.8172311447561
64.4052661024034
33.4188864557228
76.3174149165762
36.1098174471408
43.8833472789895
56.5544687211514
34.5526958350092
58.5233550518751
40.7349263317883
33.8618116836495
40.5235034879297
38.0667152348906
40.4063812457025
49.197454860209
52.6069444138557
37.3162286356091
53.5084574017674
62.2401693370193
34.0743956621736
54.5193197205663
54.4747536070645
58.6168288718909
54.3629055377096
66.513280570507
50.9445327799767
40.1434943079948
43.6070741709765
46.9960334245116
39.2814583610743
52.1745734848082
42.0627653598785
53.9029064122587
38.3600272238255
77.0922832148981
74.8634456614864
33.7346382904798
55.1675749476999
29.8120506438545
44.9947746936232
47.1536130644381
73.109890236975
46.4661299289157
74.5636286171985
22.4275235086679
37.5570739794522
29.7133990879406
68.7326653394848
47.1785062924027
50.0196180772036
43.7005259096622
40.8567369449884
31.4857394900173
56.1883432790637
44.9662270955741
52.6178488507867
54.3142250739038
43.5395021922886
35.7462226226322
67.6566237118095
72.5891442927432
43.9767780713737
36.9873624760658
58.8233971036971
55.606308626011
63.8639651238918
37.9162809811532
41.891691274941
50.892095034942
34.3287023250014
65.4810206964612
42.0767331961542
62.3924139887094
60.2443942800164
55.1558791541556
64.1532797366381
59.5294540748
67.94264446944
59.7280269488692
49.8398661218424
40.3584059327841
49.4988202583045
66.4648859295994
52.0553636323885
32.6489790342748
51.6560835763812
39.7702814545482
57.4655577540398
73.4503232831967
37.745276093483
57.9464834183455
50.9442596230656
31.7814773879945
43.080489244312
51.392849803618
33.2929992048149
67.7963376510888
44.2449245601892
50.6421097554266
38.8977803421403
44.9668706624703
33.9252277743071
39.0645904000849
56.1124266125262
59.27595468238
42.8636116907001
25.6918131839484
48.878978844732
41.7106949724257
42.9935342166573
53.9932040031999
60.7441395055503
50.6019577849656
58.1087786704302
45.730358781293
74.7225642188781
44.4479311350733
36.7753705475479
45.6293440889567
40.8301432617009
48.7874383106828
54.5536246150732
38.8042110018432
39.7315341047943
66.8215883430094
50.2602299675345
50.0532293692231
63.6191652156413
47.9280936997384
27.4751152377576
56.9969208268263
44.6588706690818
55.8206821326166
62.8184845671058
41.6116757784039
64.9826309178025
60.848139738664
43.8546505291015
31.7573657019962
57.5832862406969
69.231101218611
39.9271387141198
30.1221844740212
54.6786698512733
40.9927821659274
31.4312807539599
55.1716036628932
29.7720228787512
55.6242500431836
37.2550994623452
47.2156176809222
49.0826151799411
54.9993391614407
51.7783550079912
35.112499864772
51.6723406560661
42.5945319235325
55.4033268708736
42.0929127076621
55.0705819390714
67.6792394835502
41.0918714012951
46.0284283384681
41.9925007037818
64.0834500081837
44.4390374235809
35.6978452764452
46.309551037848
60.9590109903365
49.0012363065034
47.0560843124986
56.8336447700858
53.8711541332304
37.9177314516274
47.5565483793616
51.7381455283612
36.1992531741975
40.973365213722
51.8061971757561
57.6229952741414
39.9852032773197
58.0548939760774
69.5344016845238
45.9849171806127
71.3772761648277
75.4274198990173
63.0484786815941
55.0260709520123
59.1414014708233
60.1982210297137
57.651683781296
55.9676362667233
72.7389821740699
55.304207932204
55.776384100318
46.1987019050866
54.5242419932038
60.9286513645202
55.5746167898178
39.909466356039
47.5613161713965
71.8244766774488
45.7946514245123
30.3113798610866
61.9291474577039
61.5502159576863
50.1444997731596
57.5787708982086
46.3341780006886
46.0667517501861
39.0307896304876
45.5260503571481
45.5997139671104
53.9338048547506
58.622977277264
50.6746179889888
53.3646405674517
47.9355073999614
60.0914367791891
65.7902182545513
47.1832247450948
58.0658792052418
58.7305058259517
34.9750178866088
63.644716469571
54.6095470539548
35.9384876861345
61.5836303932242
63.3996493648738
55.6161641608924
63.0265110172331
56.0412629973143
43.0948464665562
25.2927599582418
52.9877794906497
21.2563936598599
29.9318943638355
42.5242288969457
40.109453164041
66.7385171633214
54.4775014743209
49.9731882009655
60.7780593447387
57.2656788863242
44.0846259705722
52.4259965866804
58.8596547953784
54.4520513247016
59.0149400290102
53.9953260216862
37.9877740476115
45.3197064809501
35.5245758834907
45.0589983724058
45.8964295371134
58.8036491535604
59.4727147895821
56.7907823249698
47.128522535786
65.5105385463685
58.8314302265644
59.1628213878721
40.2467592619359
75.3948900806618
25.9160025510937
35.7433646917343
43.0437435396016
44.6567217171282
53.3602557145059
36.1889113879321
60.1368236355484
42.9124775808305
68.7581687234342
44.9510574421721
57.9963752068579
67.3452650662512
53.0473554041237
47.423369018361
44.1067279316485
40.2714462736865
54.7514988575131
62.8440227825195
29.5782322064042
61.580444779247
46.1498724296689
39.983343379572
58.3059180062264
62.6874186098576
49.4125679135323
44.4977825200707
43.3039303403348
41.7101386003196
56.3105408102274
27.8103949036449
52.7563122566789
41.5231979686529
37.1014237957514
68.0412464309484
64.3761208746582
45.5872549209744
44.2183235660195
56.1019173823297
70.1394611594199
55.4426006507128
59.5804629847407
44.3634541705251
42.9257241077721
41.7756720911711
57.8516775276512
24.4939848151172
51.3683177530766
45.3068161848933
51.4720746120072
39.1210776288062
46.7973193153739
56.6770490724593
23.3674145498066
59.799475595355
32.234910691716
64.6097634453326
64.4083345774561
77.7119396270296
44.8055936489254
40.8063312061131
23.6039267705239
46.0680621676147
30.4835496004671
60.186820384115
56.5243174787611
62.470533605665
84.1488069425599
32.188155904183
58.1896304731964
49.6371206827462
63.8531470671296
56.1856577638537
61.9482363108546
57.2942407336086
34.4187065027654
64.2335205804557
55.8376469345632
74.5516947428596
34.229659672509
36.0989753002497
71.4066409595013
39.025589171797
67.3238114919513
32.9592853352856
83.3400310700011
62.3716398607939
48.8465076312423
34.7567105200142
56.9413082674146
42.1192029878906
42.6087151281536
56.0481283348054
44.5407484192401
62.8350629471242
47.8605402432014
44.3526282440871
71.8257050232751
39.6628334809798
46.3707280810922
51.1153121013194
49.5573641732335
59.2511485796422
40.0662710890174
33.9576758909971
61.6110975854099
62.9234007094055
42.8693219553679
57.6117270160466
62.7545119263232
78.4167198915357
48.5306511633098
53.5607830155641
58.28797663562
43.3665624819696
22.8697352577001
57.9920552205294
70.2210157992765
24.4403629563749
47.6735808420926
59.5329221338034
52.0135970320553
67.1368705574423
50.6248958408833
62.6001382246614
39.8046385141132
34.9397667218
38.6548315835446
46.0514425765723
42.0313842594624
45.8355692342274
54.3605041690171
43.3941975614724
55.0809474196285
61.8638952201917
39.5078303247397
44.8513330891728
39.3607099500201
59.3365120701492
51.8735204832531
27.8769148979336
58.7986947968602
37.172448876843
40.879017719999
26.890932675451
58.3119908813387
47.0310954358133
43.2344443177756
48.2165853492916
36.9462808594108
45.437083998695
42.6696168442418
69.7014722421448
34.868411719799
56.5698934253305
50.7182333618402
65.7344345934689
56.7918313667178
66.6160447522998
63.2623449433595
44.0616601612419
40.6238320749253
64.002814469859
72.8907300117326
39.9934101849794
42.2557974188896
17.0021563302726
37.5813976861537
32.410069135949
41.0677891214333
40.5726678349662
33.4615832194686
64.0223188791424
32.4039812278198
52.3541305214167
28.1617507804185
48.8056287169456
57.2389234788716
33.5005102679133
62.1602779719979
57.1744734421372
42.0327317900956
75.4675891733436
58.5048540029675
41.8896725401282
33.0603993497789
46.0089629759329
41.5755778551102
55.451982980594
48.0936897918582
53.5216455347836
50.7463552523404
50.5694141611457
51.0857394430786
60.7565584592521
59.2155935242772
32.9577289780413
46.0499493309536
25.0962384976447
59.4001088757068
35.442420002073
59.8298406228423
75.7621883608762
37.0354097336531
35.033479006961
74.9304654966009
17.3803371084696
50.7745934184641
87.9814246845928
77.5465520988119
55.8192439377308
76.6768977935326
48.7579237204045
40.2350239921361
41.6484677698463
45.9491717163473
41.9988645706326
50.4999850160719
40.7514377031475
51.857309229672
58.5595301352441
77.4862808133376
61.6003361530602
64.6383307408541
52.4041979248065
25.5585409700871
60.9598533250391
44.3400230258703
38.0247790832072
37.0978416742218
76.5993904076897
41.8267418630421
52.6185893919319
38.3086276392861
54.2954961769283
22.2435140050948
29.6209427062422
40.5931318178773
42.3469396308064
41.7016481980681
54.4502502307296
34.0879544615746
44.1281530074775
42.5464373547584
34.8802829626948
43.6809194223282
41.5847796665307
49.446871643886
55.0929049495608
63.8300589285791
44.4300660397857
48.8171676173806
52.6133900042623
54.0567673742771
62.6602767966688
56.0208482590526
43.1770238094032
60.3960444685072
53.6117761395872
50.6867024581879
40.9819525200874
52.5753460358828
41.7717544361949
41.4634848944843
54.5826199930161
43.008015391521
45.5173439346254
62.7372833434492
45.0619593728334
49.1478851996362
65.4021055903286
40.6196993775666
41.6627909988165
75.917575783552
35.7354702893645
58.1713352352381
43.2748609805545
44.5774678140879
35.6641703750938
42.9687847848982
51.8337555229664
50.9547680248936
46.0855163168162
55.2820503312847
40.9492515944042
53.8627799600363
47.6285853888839
39.4927352201194
39.565849283535
40.4094539117068
56.7889501340687
34.0839147567749
28.1425622757524
53.0390307787349
43.5937566682696
36.477733310312
31.10194163669
68.9863084349781
49.632138106972
33.0976982135326
59.7507812082767
53.5081427078694
26.4999108854681
37.0773263741285
54.6902154572308
47.4001898402882
43.7647727318108
61.2334388308227
67.6223807502538
42.5947977229953
45.3112686984241
50.2163434866816
48.2935201376677
43.3337115682662
44.3436740897596
54.709266545251
51.8847841303796
31.3100301194936
89.9567982139898
41.2410771474242
69.0892055165023
51.7748796846718
39.0788159333169
23.7301654182374
65.7831193413585
52.6208146009594
40.1386761572212
22.7497097104788
49.3851850740612
38.6203250847757
42.8792150766266
51.6712937504053
58.7374474853277
49.7085142958027
44.9511881970317
54.0429180953652
41.8624833226204
65.9168590325862
29.8289139289409
64.894022513181
47.2666332498193
64.7708856035024
33.5403952281922
54.5261608902365
60.7843895908445
31.3330938573927
50.805495493114
67.2659848816693
40.2776125818491
34.3858428502034
45.1622415331445
56.9808487780392
52.4620170071594
43.2734330650419
30.8179213199764
40.6978567367895
48.5751008149236
52.1953425835818
45.9400589413643
66.8673081789166
53.3918200992048
49.2128251084774
67.2119378112257
42.2110182698816
44.2730951736626
51.7125986050814
51.5110678039491
55.0255219171662
49.315886792441
47.5683098658919
69.7205527643574
39.4534841863522
43.710335996002
66.6283979080617
35.5110422242433
49.1635974030942
54.5500378590077
57.3599135037512
31.2308955937624
52.0819887518883
29.509451566264
49.8592379502952
55.1078607793897
42.8247069008648
51.5432947315276
49.2059071548283
36.78665519692
36.718518845737
47.4649511793889
37.0839844923466
42.6219081040472
52.5611819699407
45.6792882566752
44.3675206974149
47.2116318531334
44.4758660625666
52.041244879365
42.6136001842213
64.300439786166
62.4861869961023
35.9472210519016
61.4556928630918
61.1430515069515
75.2592496380414
35.0481421686709
17.5144005404716
55.460262671113
44.886463105205
35.8024852350354
52.4104454554617
63.2442398928106
35.6298401020467
50.0679265627569
31.3596851414197
36.2508062273264
36.1737387405648
41.0955158007635
61.7401053663343
68.0851616896689
30.6085435207933
55.0548894330859
43.778966832906
65.0809950660914
62.0326415635645
39.7602087352425
61.6171009838581
64.3670348916203
41.7771604760034
46.3505539111793
32.1099237538874
42.401026468724
29.6778502874076
57.7751245815307
39.6862899538393
33.3870288943729
12.4990705866367
40.916355047375
47.6821465886594
60.6902444735169
38.8403035108744
32.5754408240178
55.4677153471857
67.9339451249689
30.0662105903029
28.5819134209305
17.4590359907597
53.8177595008165
48.2598005793989
55.384194618091
70.5850075849253
49.7489353176206
47.8195365518332
51.2919635977596
63.7563564348966
59.9153447896242
59.1923724859953
56.593793895448
40.9727490972728
65.5173328705132
88.7995135566934
50.3323582466692
37.9719368182123
59.6194145269692
44.1597049532164
48.6494534183294
63.0250406451523
49.1422061342746
45.0067419093102
59.6996575593948
41.1805916111916
29.9214515835047
46.4563869871199
59.1008719522506
61.3150334451348
58.7965867482126
65.5105436686426
51.6946042887866
46.745115192607
47.2500783391297
60.003895778209
29.5690526786966
49.9818231444806
42.4495877232403
46.9602407887578
45.1741284225136
43.8249376602471
75.8511900859785
67.5146637484431
58.8722023427331
57.6290645170957
55.5505009368062
42.4760281573981
37.7470960840583
47.9291054885834
42.542641563341
30.9205667810327
44.8551962617785
51.5034891664982
51.1111583252574
71.4037823148417
55.7778052985668
52.258351072669
50.1087217126042
42.8135859816575
37.8001776058227
41.0845377482474
57.3630350641906
64.9414891377091
56.9417214088861
38.2565950974822
52.9606609139591
36.6678273305297
31.0090429615229
35.0376114714891
56.7112351302058
47.9853690136224
29.1562217420076
37.7568066585809
31.2631058041006
64.2494991887361
35.8910856442941
58.2597029861063
46.0859131999314
22.7505203362575
36.7316517978907
38.5011510457844
47.2650873474777
42.8675680886954
65.6439468730241
62.6196272205561
58.7922640144825
54.4050469528884
41.5679178200662
78.3829340914025
50.0715640373528
32.7916868962348
42.3894521733665
45.4986184369773
64.7519524674863
30.8731883298606
56.3792805187404
51.9103020895272
18.814125631795
55.6677278596908
42.6418974995613
54.5418887864798
54.0360005572438
54.196797683835
44.6306361710577
55.6075307540596
58.6638340260834
70.6014231458338
19.8949748669819
23.544752644375
38.1685880549745
51.3686365447938
56.6337243653834
42.9291696753353
63.5902509093285
59.307329216972
50.1340178307146
51.7021319828928
50.2184608019888
48.9982617087662
32.43348733522
53.0899720732123
26.9003341905773
51.9106727093458
54.1513430420309
53.1016499269754
45.4664463177323
73.4581888611329
52.7781185694039
48.5404153354466
26.2824163306504
58.6729116272181
58.3179528824985
39.9416854389103
47.9356551077217
62.9601488355547
46.9074395485222
48.8809924107045
66.3493350148201
67.1281335409731
41.9588041957468
14.4116743933409
38.128335820511
49.1157214854635
51.7332849092782
64.2748523503542
71.7238328018412
51.4240603893995
47.0423920545727
44.2616230342537
57.9404536634684
41.8402014765888
54.158989014104
36.3643158227205
42.8670830365259
45.0933760032058
46.8917592894286
27.7672584168613
47.4951839397325
42.4535625614226
43.3998087886721
48.554625408724
66.3361752871424
48.3105032704771
69.816131746589
61.5982707589865
41.4125940296799
51.9946566782892
55.6064976158582
54.9665102735162
58.0539026297629
62.3173221945763
26.4148863498122
38.0319084283567
38.8537496794015
61.7480116896331
52.533863671124
53.6074941977859
65.3167620766908
42.4520841799676
36.7158487904817
58.8503788225353
33.6461883503944
47.3495193291456
37.6784550292817
48.0752859730273
67.5565122161061
62.1952381450683
37.0630440767854
26.4259367715567
57.5690803040667
74.3788853245688
63.2184263318777
49.5562373194844
49.6338034514338
52.1793029736727
50.4835765808821
40.6464610714465
33.7923477869481
40.2401721570641
52.2092632483691
68.9031155314296
46.0672556422651
55.7850964833051
70.7431822041881
62.758085783571
48.8801648374647
43.789534503594
24.1340118128388
47.0401303842664
64.4506793469191
45.3198061324656
29.303237143904
47.2515163360423
48.6170121934265
51.0578154120594
49.8710514046252
62.0302348863333
55.1657569398078
61.481287796434
49.1484548896551
50.3520204219967
38.617477605624
31.9729040814953
40.7275115605444
51.7148103564978
48.6633801162635
50.3076935652643
68.2964154984802
41.1769939120859
60.1723246276379
66.9276603497565
31.1529193539172
58.6689457297325
29.5186812330505
69.5134823168528
33.9058023411781
57.6791583854625
39.7751314099878
47.2159675078759
38.9602838084102
57.6789481099695
38.0442446563393
28.7390150595456
15.4367122610412
30.6897127069533
54.3698159512132
65.5258674640208
44.2536791786551
42.6470156293362
42.2572573646903
42.8763543721288
44.5516034495085
49.9464045744389
58.0706031993032
57.8420874662697
41.3174422923476
37.7094601746649
42.3583429772407
47.1593624446541
57.1343272458762
56.6888766363263
45.3773071523756
63.2191945333034
47.5716142449528
63.3340991102159
21.523012034595
31.3650526429302
38.0617732647806
47.4045883864164
53.6550220102072
21.8397391494364
37.7998845186085
52.5729418732226
56.2882153782994
65.272943675518
44.7217945940793
54.7719920519739
69.7044211397779
56.6077440045774
60.7993913814425
38.2118905894458
51.196757517755
53.9059775415808
32.3675924446434
33.0173590684567
36.2036415474272
36.4999519661069
71.726080398531
48.3862139750272
51.194172911346
44.4515576108769
76.5581472734821
51.306067686528
33.9887833688408
45.546139447008
63.0843751132488
23.7821306029653
64.7482430096716
59.5856483094394
24.956831894815
53.6789110396057
31.4030178376858
37.6973926089704
48.8946301559114
56.12398753874
46.4753396092017
62.0566347613931
35.2057747170528
58.1583387792425
41.4261310361326
45.6574854728987
49.4967227336019
50.1552998553962
48.8249310757965
32.5909931317247
65.8429987262934
41.6726220864803
60.9031394589692
72.2801251294923
43.6203914694488
56.8016900215298
61.1203546170145
40.9313694573939
53.1472363974899
45.0877781026065
45.5110168084502
48.6358696594834
34.856851072982
51.9232224673033
75.8575760717404
49.9733964446932
41.5809139899674
35.8486927114427
46.7284072190523
64.6402687765658
70.6171367275429
51.4846299774945
39.8688224951417
44.537976430729
35.6583174783736
59.0638175606728
19.5355586241931
29.039004072547
10.1199010387063
61.0338500700891
56.7760418634862
36.7155536008913
42.4711982653212
47.4055328756956
36.8992503266782
32.8776003763113
41.7737087234855
49.5088964235038
70.6577116581512
53.8216457218673
48.3991217333823
53.6401588935405
32.6038714498281
19.9507827404886
44.014688488096
53.1797564588487
47.8734239470214
49.4323858991265
50.8568820543587
75.1173005397332
78.4879622938943
36.4433167502284
67.3238879069686
22.8389189327078
38.1195162015991
35.0854579824954
39.6289474924773
59.9677924066782
56.6877372097224
28.0431461948184
44.6674304949397
61.2737337592989
59.0463509783149
26.6064858995378
49.336610455066
57.943339087069
57.7455485705286
32.3760197497904
52.0808644127101
36.6091548930854
37.1990772895515
52.8453098144382
35.8391341753304
51.3478224631399
38.6502141132951
44.7098025120795
51.9614074844867
73.0943645707121
60.1586849894375
34.0449747629464
47.3413128871471
43.9621224068105
52.6825274604266
31.0520679374496
52.135201357305
47.4544560536742
64.837374445051
40.3690765611827
46.4263221714646
41.9142397586744
47.8576829191297
31.5299961715937
48.4830209427943
54.2349632363766
31.6760806366801
43.7370480196118
42.8891521878541
68.0815550964326
41.9523869641125
31.2635889742523
60.0584628526121
48.5638544429094
36.2047211732715
44.0813520457596
57.0656399708241
39.0746044460684
64.0619643498212
63.9546609949321
58.0214973073453
43.8577289227396
65.378924831748
58.37861308828
59.6204256638885
55.7382630649954
44.387723659736
35.3025228716433
41.330464353455
44.0579525195062
60.7526946347207
34.4177986029536
44.5840147789568
65.4542350210249
24.439121875912
52.945269732153
45.5592612829977
73.4153027608777
61.9104239158332
37.0127128530222
77.375960383563
46.9001477118582
61.6004293784499
68.5393587686121
62.3273382429034
52.9197921510786
55.6613649707288
45.9799849748558
60.1681523025036
57.8251590020955
62.8792182076722
43.0412316694856
71.6179647440922
51.9561869557947
48.2310897205025
31.7407642491162
43.3565426617861
48.8544712308794
30.0049963407218
72.3936898591829
36.5356424669694
73.341754249788
69.6231719064427
44.9346241541207
67.6877172663808
29.8155532828263
40.0255078915507
37.4542206060141
44.3943781815553
66.8173795100302
50.0721649732441
45.7705812063068
41.074076294899
31.8521244039607
57.2014207020402
43.1771021801978
35.353203304112
45.9425898268819
73.5105497720552
33.8447146062062
59.7184461541474
43.8282812945545
58.44114003703
47.7809507399797
22.9264356661588
35.7358085032045
43.9952249173075
57.3779910802841
51.764572551474
66.6460899636149
56.4121883709179
65.9725612960756
40.8091001678258
46.9069134443998
42.7189706359059
40.8802260644734
43.1145231486969
62.6808744389564
