"x"
80.5909131653607
78.8339155726135
78.3386651470905
47.2214318086517
14.4686716276404
70.7394522491053
17.4999500466099
40.177495777607
18.0097061209381
44.8438254011968
16.7030300013721
128.890071436763
8.09329878538847
77.263842150569
95.0837397947907
120.642766263336
49.8283577151597
108.936141617596
63.3259299211204
0.777675614564354
70.7879148222765
23.7150558270514
55.8465898036957
51.5445995144546
89.1094358637929
32.7865284867585
40.4566315934062
59.1331947071003
43.3395765667514
5.33665465191007
68.8484389334917
69.3433034233749
105.03956777975
73.4193942509592
45.5318193882704
37.0353126898408
92.589071020484
82.7618667137603
78.1663351692259
44.0402448959431
29.7822636552155
56.8333407037377
48.8251575268805
95.7356976345181
56.3735514557519
69.4887394085526
63.8828476890922
74.5926709825019
57.7272145077586
6.18839536644226
43.8705435184784
71.3519779965281
29.4284677068603
38.9061016575782
85.6669372878969
78.8755754252341
72.9354538023472
30.8687010471611
105.038369342897
23.9273850806057
71.7125849798322
56.9104960445388
37.3154275728261
22.3714758642018
30.586474187202
61.9524368084967
43.9276520162821
30.3633119537272
47.0983904851942
44.6896628476679
80.5020052008331
5.29592360198864
45.4454348422587
41.8870162483162
56.3936281017959
79.6489265747368
51.4383876696229
81.8000921979547
59.7810443490744
48.5733851872805
46.223549937111
53.8814163794053
53.335159830749
75.8054772731464
79.2844870127738
68.3575413189828
58.6574689238469
83.0617984466165
50.38849003613
41.1553891375661
60.3762729093432
25.2406701400423
41.6940513066947
23.4614240005612
96.0419623181224
53.8305561281327
94.6848761290312
40.1873178780079
20.0248615026746
44.5792749524117
39.3038213253021
92.0282960869372
72.9639364406466
40.3364687226713
65.2831152543787
99.4946401566267
44.984169230215
17.5319550339832
91.6777779348195
83.5724626667798
28.8519661095904
20.9830672480166
55.697610997573
74.2557842284441
33.0656700841253
68.2255665771663
64.9722550064325
36.1572407275979
42.2165876321795
50.640123244375
11.5071365609765
57.3950561694801
29.7118487988063
38.0477688275278
20.4433227578191
28.3853643573821
47.9508922435343
27.5824641808867
83.3373175002635
9.46157666651672
64.8339896462858
34.9903976589035
51.1054212227464
60.5765213258564
100.659747514874
50.3959258086979
75.6796940229833
17.3277741298079
11.022762581706
84.2491937801242
41.0970771685243
41.6410594824065
30.5034966208041
18.8672593908545
33.7453395572837
87.1288643218577
29.2884760536253
54.3428254313767
33.958350867033
33.8950928300619
37.7611081422952
42.9710994633601
85.5649540176486
51.3045738451183
54.3415405787528
35.6835580253373
82.5361834838986
38.8923324381724
91.102850344032
65.7836114987731
54.726943631057
67.7265140227973
49.0653547458351
7.82432631931891
10.13262886554
32.4181268922985
61.0137245617807
100.962661206722
39.9918101255089
57.3639777181221
45.6752673722804
85.2900076954311
59.7092189826071
0.297704990953207
64.1545878460694
20.249215571052
59.545290376991
84.1783545911312
110.659037996083
44.8320593684912
21.1995563469827
28.0902899801731
86.6163868953655
40.6753877177835
97.0999109558761
49.1455068679421
28.5148444585502
47.85925462695
50.7564219646156
53.5193538815481
49.8814937658608
97.7887402288616
91.7719303630292
22.1164164947356
54.7126533463597
14.2677356222775
69.2317213201138
48.7704886123538
55.785390175879
77.4813680214458
26.7804089002311
69.2043064060733
44.6149713359773
97.3816584882314
45.5253451637468
59.1001926453337
54.3565948385032
39.4711803282718
43.3233491145074
18.8851187936962
132.741794828326
63.3489947766066
27.6524501418196
81.3637541261393
62.5462481374722
12.1128781698644
41.1956004798412
61.6607871837914
40.4973854310811
60.5034047737718
80.3381923771806
68.33105615469
41.1551681301565
23.9317783293605
94.0501391887665
43.0290852673352
8.40536650781816
44.4786212407053
47.5297524593771
14.2437840811908
62.736005987972
79.6513648703694
9.9521211348474
39.8729023523629
65.4195517369933
70.4031934961677
83.9739151039215
84.236563594299
17.4452115781605
83.3821163512766
44.2274657078087
4.66588310248539
111.64673930034
62.4718704260886
37.6118794083595
54.0117537659285
79.2932507582009
41.0593878876957
76.8039925955236
34.139319229871
58.2610255107284
79.5618685893714
61.795906518056
54.502711344483
66.426960285753
57.9208044335246
9.19778645038605
56.202616702653
52.5040857493877
41.4417673833668
43.0548642762005
63.950592558831
58.6508360922932
41.6777389124036
65.2342684536468
96.4428109116852
69.5911390706897
39.3791144713759
79.1254200972617
75.6424568593502
53.355688881129
19.7888142186088
52.1074204705656
93.9611784182489
35.8361002989113
35.8480138704181
31.5741965578561
30.6636126711965
10.5377865023911
79.2235577776025
37.5903644055524
55.9577924139102
104.557590244212
28.5446218253229
25.6451509216323
74.3244596756995
55.9757251292467
87.9581757821143
86.5426381118596
77.0671966941295
38.8574957847595
51.8986334092915
72.318943097626
47.8074156679213
28.0745179392397
88.8187096454203
17.1035909093916
76.5010114971223
22.9484162293375
62.0097497478127
27.2569435784813
53.083885876651
68.092059250921
70.2996924519539
77.0106019452214
43.4043464108893
23.0121549681076
68.2133803144097
46.4529211632907
47.4419817328453
66.5126636624336
33.8112471625209
45.2825707383454
42.803359570175
57.4949051253498
39.2524635018053
91.8275312864387
109.064817521721
64.9317368261512
66.5533093735576
57.4971517201289
66.2975512444973
43.9195372164249
60.7774001546204
61.5919372998178
83.3166520111263
72.972865588963
58.6299492046237
59.2018616657756
66.5229139184894
77.689525578171
68.5523240827024
79.6271740458906
34.9587306781679
57.0968047715724
91.8394755572081
62.8341478410726
70.721678994596
96.6703263594796
82.3354780673981
74.7979564592242
56.7491924794305
62.8630086779594
81.0642084106803
36.130491271615
49.4386104866862
47.4705837249699
32.3133109137416
16.8434870429337
73.7456425093114
0.543143879622221
69.3972681649029
57.745176833123
65.9899665974081
58.4749810397625
41.3760673254728
69.7937563061714
0.674844680166585
47.8651154786348
51.7316909033236
49.3596200646598
61.3457285430403
53.5748313181102
80.765972699977
38.2050650134759
50.4959845915437
57.3378661647439
43.3829165995121
64.8932379604876
53.1128203035339
57.4186152387597
78.5915453918278
76.9952566362917
39.1820290125906
46.9599465839565
46.4502723887563
49.2697554640472
45.2852682027619
68.3280807796059
47.8800736345316
47.8854479268193
75.8866715866947
94.094654917717
91.4336857068265
47.231235075742
5.59445656836033
75.5038852021079
45.9555746987462
60.0321725010872
40.3421519397966
17.8426560945809
35.1621322333813
41.9428632594645
59.9337198771536
42.6030890084803
53.8800413069472
42.1302389353514
87.7697703428566
70.1597784645855
51.6271989529227
30.1508065802186
110.984230414033
55.1601292565465
62.8897803703639
89.4347935302694
36.5533882752061
58.9674153365195
46.9924524525373
39.4340110011399
46.6244203969836
43.400401994586
56.296017114073
25.9347564540803
53.6891166120768
32.5033412314951
88.6813948862255
44.641079287976
4.62344471006885
70.0515641830862
88.7070851400495
86.9680291973054
81.6447010263801
41.9433640316129
49.9199481680989
18.6794739216566
83.0198619514704
5.78520996496081
49.9677101150155
72.7385071672082
76.1461190879345
55.3647123277187
50.4933519288898
58.8559150695801
72.3486576229334
87.5683439225241
120.90020943433
81.8084041820558
16.1655059084296
25.5010304972529
51.8087522126734
58.7482686154544
63.8341106547392
96.9243271276355
21.7210913291537
65.9178427420557
32.0822045207024
98.8037701696157
72.5674597546458
59.249631215597
64.8231095556183
69.8835965245962
93.1396911939577
121.877215988934
32.3050986318454
55.5560650049544
83.7586306035519
89.8527136072516
27.8031937430586
51.9137736409903
32.1750722682368
54.782598093152
54.6037642285228
67.0268584042788
39.0257075915702
10.7460842613301
71.8035177327693
23.2912551611662
18.8166146865955
3.30682955682278
76.6520021479035
43.0153678105443
54.6397378668189
11.5236016921699
59.4374649126647
56.4934253226221
12.3192145685946
61.9547105394304
60.492898710072
105.374372191727
36.4954980090261
65.9877699799836
28.9548827399033
76.4689053408802
77.094223536551
54.5514372177422
59.3820934183896
39.2165074124932
39.9390706967677
15.7611401751637
34.6781854916077
26.5186723321676
11.645806953311
43.5584957065874
23.945465403341
52.9693177973216
42.4975579604506
19.0524755977094
51.3107814826071
33.54528549361
97.28380786255
25.3894644789398
48.1036457233131
50.240808352828
20.162822958082
65.4327495023608
19.54809545816
49.2603476894496
79.6527889557183
81.7117462866008
52.2150915116072
53.8142489269376
40.2148212306201
49.8408446207182
44.3618178652857
64.098765514791
46.4994419807271
87.0587972924113
10.329959260812
41.2895410321653
47.7202714747672
26.5477457083762
66.9711294086329
74.7027803212404
55.3710322893628
54.5794108882546
53.3230082131922
76.3068656437099
45.515245407922
49.2133610881865
90.2516534551978
62.3081762343645
62.0155360786423
59.5376295259848
86.6344827094769
67.9695364299058
23.9732167683542
61.0997255891562
23.0037823965066
46.722718141973
46.2711188010871
5.79064264893532
63.4465607814491
87.2774071991444
39.114727152564
87.9628112574708
70.3557558357716
82.2781584609136
47.2969801165164
39.3768849782646
66.5666884742677
80.2560184150934
50.3139796666801
48.8875246606767
75.4308101165681
80.750968772918
46.8189963029027
13.1578532243115
70.119449404131
45.7386658526957
74.1870976053178
97.3174165934324
14.0496918395858
100.991987343878
68.7053867615759
84.300763907581
51.5102559700608
125.810681656003
79.7292452305555
87.5226524658501
93.9549331864311
47.7474169805646
60.6818668544292
31.3771334476769
91.5186835452914
58.9813753962517
67.0226932503283
71.9750376114151
73.8125890072744
11.3019648392456
60.8593473845711
87.1092839128851
0.131634343415499
23.9330171607435
14.2547646175538
79.8401347361505
46.3293350301683
67.1871016741354
54.1875711204502
64.2428590283482
51.4722768217325
55.4295007139444
59.8339759095934
98.1864797605937
9.50330141931772
92.5223797559738
68.8621540553868
44.42243790254
45.9363677538931
12.3835672624474
93.5784278437495
35.2085270918906
58.1015255302191
40.5462211929262
69.2820735285601
51.5570357441902
25.3093258339814
51.2917654588819
105.807816516608
61.0347439534962
89.8636611178517
16.851311790556
25.879103642602
39.2383550293744
44.7972796729641
85.8574543169427
70.1245259591334
5.59454194407931
4.92157395929098
37.552569860252
17.2062724371446
31.8283301778138
58.4666800685227
89.5700604654849
56.5423167310655
64.7784810513258
80.7176431640983
67.8598013742494
42.3871348977225
57.8599886121088
50.0015942125717
40.934353383767
26.8318109851064
63.711223192513
59.1802668438753
34.7607794217765
35.3859188760818
70.0724007561803
30.4320029911794
73.8845974206924
38.5929891839623
80.4347543977201
56.1222850345075
76.2515283523743
107.046442199498
51.6858842579778
63.9488205922784
32.6431362879656
49.2905460298061
73.7080758184885
58.9561514006959
36.4217053258324
40.5284710228443
112.413436267525
54.3208885006607
58.0122791940711
58.0093014985323
83.665909152478
94.1928596235812
98.9092445001006
76.2634393759072
62.3784857793692
56.8905905820429
14.6661286047894
56.7891457118094
30.4750363165932
24.5184648782015
32.1277922950685
88.9150803908706
76.9949460968972
32.2326430119574
87.5901107676327
94.7736312635243
51.8371125683188
49.2992645129561
81.9352295249701
58.4954025198467
26.3024812564254
54.1287702508271
41.3100928999484
15.8576616188092
31.6565972633155
49.9282640404999
5.88591480627656
29.5160619542003
43.3993069455028
52.4022806441261
77.4915624409914
27.1558552567999
21.3559415191412
31.5088809467852
71.3498057797551
35.9940970404099
96.8632920645177
84.7277993053208
42.5734226146595
40.0434664450586
4.87937722355127
47.3277221433818
57.787018814733
38.6784208447261
35.1824725978076
87.9857051186264
73.2836003415287
47.5683238055742
42.4242367967963
45.0963739305735
97.252484690398
28.2951191999018
54.0551728568971
64.7916774265468
22.9791183697575
75.0611383467913
36.1412485130131
60.4182540439069
71.9934379930049
103.16700739786
36.1704324372113
72.6903805672124
55.8559500972843
97.4433768540621
32.2966722771525
43.1227779015899
89.513931206409
58.4977150894701
5.34008899703622
70.2278140932322
35.3373276460677
49.9941169131357
39.8919259363358
29.045505798964
60.6061005033553
4.34506454769061
57.3907838203013
69.0269926168935
71.3589122241751
32.644356507808
14.4029984250665
76.6086710009421
27.8514974750578
62.1841451153159
7.31953758144857
66.2593388470816
48.9132040180266
4.31136878475339
98.0561289004982
93.4158552438021
51.915312460569
66.3458698429167
58.7320103939894
59.8018855787814
92.7407500334084
30.7123356498778
79.7790365293622
31.9604645528314
68.5655245557427
8.52355863898993
83.5624109953642
74.7544543817639
18.3034002166073
50.0049468433455
48.7240095622838
34.8098261281848
68.3875806629658
114.452515356243
19.5427577011287
57.8882803209126
23.1020756997168
45.6227760612358
91.3981101475656
55.0289313308895
79.0733900852501
11.3075888715684
21.8807037636491
42.6740101538599
50.4928519949317
67.7370636723936
71.593726798892
81.4889482222497
31.4599820750427
102.650495991111
9.82189439237118
80.030908225301
54.9741777341212
86.3780162297189
5.08453731061689
54.9653570261415
24.2622580899241
55.4010695777833
21.6779918032421
82.3231730610132
21.6125043082653
4.48822017104047
89.0954498201609
62.699690554291
60.935104251958
39.4520133733749
53.6672759084697
58.352755010128
71.1611546576023
52.215104456991
49.7197965160012
94.6577717550099
103.410076163709
98.3790013939142
41.5741705335677
108.513193577528
71.6009420342743
87.1489564888179
64.0477931126952
73.4669278375804
16.2061501742047
58.5726553574204
63.2436751388013
72.5250181742013
28.0769370496273
90.145702008158
38.2275096140802
51.5197495929897
66.7069911956787
77.4233058094978
57.3994489386678
58.198841009289
16.7703095585109
45.4495490528643
74.2129245919152
45.9527029655874
85.5678404681385
43.0524028837681
118.967332784086
12.5246033724402
97.2557380795479
92.8623128682375
17.4946942564223
56.6747720353305
56.7699788547823
31.0591974295676
82.8855047933757
58.1207664683461
42.5144840951207
85.4531925171614
31.3692566938698
82.9571195878088
55.249016670158
74.3080163374543
34.3708990141749
86.2810121849179
65.5302786058626
22.469370210774
54.8506932333112
57.7199595049024
87.9912964999676
56.3001021163004
70.3520181118635
38.734987936914
37.9555518509498
1.91141571849585
77.3863568902016
18.4933051080922
26.0072822989934
40.4106171801686
53.1851638108492
48.3741174925636
75.2372646704316
76.5123534079746
35.0928441621363
88.6194160208106
36.1424160189927
44.4345197640359
101.10774571076
102.29640584439
70.8351480774581
51.4988005212069
54.7225899063051
16.9517670758069
56.1423098668456
69.2219101823866
41.2656516768038
43.8966297746468
39.6940351538763
83.4085873328149
10.9100096859038
82.6900553889573
69.4984554313123
103.277929592878
42.9145547561347
51.7402968712193
84.8619441501796
52.4002083577216
79.2105617932975
29.3290220201015
54.2775894988051
19.7286328016674
68.8809948042035
89.8579085245728
86.5077654831111
31.9841814057088
19.8064603793139
53.8852086290717
59.45785921067
43.6723237669918
70.5628518946469
55.5192060768604
37.1055502444506
53.8031495176256
40.1383398116806
77.0649790763855
80.3665987215936
31.2625175341964
62.0479536242783
43.7606080860833
64.4839705899358
63.2937734437514
27.0376877230948
37.6892029108978
54.8842786522267
56.2729377299547
45.2186453156173
105.930729024112
64.2621493898332
9.55724758616608
14.4807795728256
71.3820732198656
32.4167177065475
55.4333548130952
107.257735225151
57.8830540469225
63.2227972149849
90.1682781986892
44.489539412242
22.5794970989227
56.1129512265325
76.9933874718845
31.4444047525207
30.8671810824382
37.7595282159746
32.2762937332892
20.6582178369655
60.5477866716683
14.8768207058311
1.20283270631955
6.84886081144214
62.0367892086506
57.9747152514756
31.9650219753385
54.1418217122555
56.7200855351985
52.9159529013701
89.143973775208
58.6623498238623
83.4615499712527
47.1107890829444
66.9596904080206
64.9973126128316
88.5692582029275
40.4819213785231
49.7612021863461
82.9561035148799
97.0453348795225
21.0751729086041
41.7618652805686
62.4721248827619
86.2297053448856
29.1979184374213
20.158383646354
125.974368210882
102.284491527826
28.6784555763006
68.863923264053
69.4536511462698
34.3139225617051
61.0053192824125
50.4562479443848
72.7368828840554
91.9406968168914
96.6149922460318
29.2604819871485
18.1470412760973
102.212023176253
51.6243783757091
55.3823872469366
66.4675614796579
22.6868203192785
46.2708630599082
109.652683325112
79.9648126587272
32.2027019225061
93.3859053999186
25.144564091718
49.6738168266967
61.9958773388803
14.3734163604677
58.7645599619578
46.7341779731214
40.4385820031166
73.3021024755021
23.9742025520946
37.5071479266246
39.4789270453364
78.5240512978123
43.623801227659
33.5324887186289
39.5182291609223
69.2924399860203
6.55591478571296
31.1379365032184
57.8413052484393
41.2246978841722
15.3425385668408
9.10821425681451
46.3295139372349
66.4714953862131
58.411412127316
84.4593938569688
32.5045916858389
134.310926031321
65.8175737597048
45.7911903215602
73.6453005750177
18.9885758794844
75.2735462971032
48.2166095302589
76.9734762845183
54.531454819564
51.5115903218374
38.8272265885819
44.6398536946987
112.180491536856
34.5301842887615
54.8187693701529
53.1662354245782
57.9019587486982
55.7173953391612
29.8950197666071
81.0919842682779
56.8739862181246
47.0089979469776
63.9748344830074
62.2908274643123
65.7041290535383
57.8803543835171
45.3479475184512
66.9317023828626
65.572545863688
50.1607454381883
77.3404884152114
73.8726299216476
74.8199521563947
81.2061573378742
81.0140974272921
61.584086343646
74.6244832873344
103.669130694722
47.5895497947931
56.7938751687851
42.2357944771647
43.1630708277225
11.6595490835607
33.8666500491959
16.2188166437271
26.8619569949806
54.6021816320717
48.4599031059776
45.7423463934974
23.0564758181572
54.3902328898411
52.0005620468407
66.0623473115265
87.9775216802955
60.9852842293673
52.4004291282016
109.388616122305
80.4914017613727
52.0402025886677
58.5643991899242
46.4372049085796
75.7172575220466
58.5253394208848
56.4684074372053
58.0547469909994
9.91460978984833
8.96943444386125
91.7192325927317
75.523144156708
2.00603440657888
44.555695541203
55.5481870658696
11.3595090168493
56.7435228957845
21.0583846084774
62.8074277256268
87.5980600714684
32.3812787421048
56.9140904583037
67.7125883288682
10.3574618719528
36.7693839176519
40.5580051670562
23.0646191164851
26.5935516916215
62.240097979787
46.6574527323246
83.7696859869063
67.7155999466777
83.6327304132283
64.759660884738
30.0103008811384
21.6538449749351
27.186565122292
63.3136146701872
73.0135574936867
47.6301335729659
61.657043453306
67.2120449953304
22.7285302480007
0.675322124225561
48.7827532510887
98.599243028173
80.9269659221172
75.7156258448958
52.939990589425
19.1041507554765
43.9418547786772
41.3254762068391
31.2868505716324
40.0851465334997
52.5483044823197
48.7923945300281
30.6956393892308
27.9135171471674
8.72840344097485
45.6729104742408
31.9746042497189
44.2489048306809
63.0478037521243
76.5731097460611
63.1234761004197
83.4483394399285
30.2814351069129
35.0570267332121
48.5924129374325
57.4054990895092
79.2456503136313
26.1497969739139
57.3369793593884
40.8060109242797
61.7592260241508
39.1592759639025
34.845213802064
34.3672886490822
76.4154906211456
75.9255134942362
42.1085399629829
98.9621578715742
29.4959740713239
53.6042781461142
110.090489964932
50.2728270366788
60.2937318384647
68.0461639538407
66.8254983611405
28.597604110837
40.4351846314967
57.7336294576526
59.6222622320056
32.428964227438
62.6968177969837
22.4994343712635
53.7194331176579
47.3323123529553
79.535518027842
32.1992488127237
66.8698320922055
32.5284357182682
81.6423567011952
60.3988898918033
78.9930478052955
92.3751122318208
63.7092613615096
43.849803134799
4.51736656216992
58.4184027276933
82.391429040581
95.7697517238557
24.5482502766912
51.6455425880849
87.9575376398861
80.5928349494934
41.5038681589067
36.8513931009077
39.0756079927087
78.9009644649923
24.9179970998224
21.8273900449276
15.037863701582
60.199233719245
48.5598904080689
28.2683109864593
38.3718831464648
39.4247030922169
26.1229950003326
26.7179007641971
96.831932105124
72.4861488677561
56.428165268153
49.6118507348001
23.3818395063281
49.9710948265758
43.7567602843046
73.4656472389391
16.0432798424612
5.13471754624364
54.4811799190938
40.0313397952197
102.777265291661
54.0985958650708
10.4180199094117
55.9202531811101
83.2141513004899
39.3081409932095
63.9456922188401
81.2475878745317
40.0177143706546
93.1830041110516
58.595756534487
9.03892341251077
21.1952216866564
79.207532738305
18.4723318554461
80.8042851276696
81.4592887069768
49.8079292231821
81.5010270103812
35.8633496798575
31.8410739721899
75.3250884823501
28.4480038098991
69.6847438812256
47.0105962628166
43.3833523318788
16.751924995333
90.1240021921694
39.9355260655284
5.15483692288399
38.8867581263185
89.6719883196056
105.848204903305
61.8209701962769
55.5693092360139
20.1907240785658
79.5137441717088
51.727844786732
75.6824468270989
28.0347193591297
35.1586702546811
48.1659356504679
52.3267040960491
96.5434937260836
39.4092311224131
31.6062371146827
47.7741843089461
44.548512048761
15.9675157628953
55.6762795895338
50.0180847011507
42.1794597990811
82.8605622053146
71.8975408002734
98.9123011939228
51.604462787509
30.4892093558084
56.8147966564159
45.3294195234776
108.375171013176
50.6428050808609
95.3009462915361
82.8287731856108
61.0380919650197
66.4568098261952
89.55596992746
98.9018945023417
65.229962579906
70.226430427283
25.5112665705383
72.9747235774994
47.696103900671
73.6898959614336
55.1896703929937
55.2341105416417
82.5649309903383
109.478859137744
96.6986233368516
57.8865196555853
82.6927484944463
44.0247134305537
54.7046518157136
37.2798280372086
83.296034754897
88.5333958081901
67.2739268709899
64.926405442806
40.5637009069324
17.9498896223679
41.3018464850232
57.1511046029627
53.2680462045989
40.5967821651871
68.3910969644785
54.6222620844958
87.7361403778195
102.240887713837
74.7500590980053
31.8899438716471
34.8455241881311
112.434313353151
47.0408386578987
29.8790491186082
49.7406621463597
27.8951266101178
55.0393144600093
85.3276205249131
33.3033224567771
45.1284468173981
52.210892084986
30.926429979348
82.8985565342009
76.1839957907796
25.483807913809
41.8525584042072
53.4516713768885
64.0378820709884
0.453752963288254
66.737011912655
1.85626605525613
79.5007641427219
8.61484092493726
45.0675223707266
71.7949585989118
72.6698900445001
42.0050687156618
95.8424535579979
73.9989211376123
69.1905381227057
95.1613866500657
59.1306473128498
96.120894420892
52.8083962388337
82.3195513308883
2.43432000279427
96.7376107349992
53.297115676105
60.1208647713065
73.2253730297089
18.4777320461581
65.4437641613185
84.4352416694164
99.4534601457417
45.359300403545
43.126599849571
56.0144818387926
47.3005774430931
52.048915065825
22.8678409010172
77.2939499467611
29.4503998011351
69.6378926746547
25.7697924971581
43.6250237855972
41.9576922678357
51.0539248155193
10.2350362576544
66.4160812273622
90.5540857464075
75.6634467281401
35.8179250887795
42.7222557365894
53.535167593509
11.9779288597665
68.8793620094657
103.986903931946
102.454679179937
47.5667147897184
22.8995430473229
35.9721574659411
86.4421606063843
8.38742116466165
19.7805030271411
40.9285866655409
74.612642172724
96.9239396974444
75.800218526274
19.8267708599114
78.2892599701881
43.1965987583908
51.0225163772702
72.7225175127387
91.8978530913591
51.1688303850516
27.5473770730548
84.8360762000084
83.436605706811
83.0326039947648
34.2488564128431
40.7797506259553
68.1546123323654
71.5860415250063
73.0398220941424
32.3021469804892
35.6712473556399
86.2211844883859
36.928509734571
108.597685396671
37.6098299399018
59.721237141639
40.4127742163837
46.6279758474936
69.2642190493643
25.32953703776
96.1166466586292
31.943894084543
13.8112112879753
91.4520497433841
72.9401773816037
47.1617421135306
53.0426293611526
23.6677640117705
83.547443524003
30.3118696157753
90.107299014926
66.0296821220501
14.6723427367533
59.4280712306499
23.5459511438439
45.5162009415835
50.2379735000432
51.2342299334705
81.4284101128578
8.99729424129506
21.6197230674829
81.4455948770046
58.6366248046186
103.968215920031
13.4765655733645
86.6761259734631
55.1067085936666
70.2023484369853
83.5548347793519
44.730306789279
59.8586299456656
63.1906356662512
51.6297652386129
26.6234623315006
72.1351782791317
42.8766769605113
29.3176033694778
5.21760508418083
93.6790307983756
60.4061165824533
43.1674915365875
60.5830624699593
57.2478516958654
81.7746452055871
80.8591016568244
28.2927196027026
50.9163159611423
45.1095429249108
78.1066481955349
99.120912887156
80.6385443545878
39.0641778919287
46.0931630805135
73.1767009012401
70.1819241978228
83.0768130719662
36.1751942895353
28.605145867914
34.926894120872
47.1149096558532
65.597409196198
55.8357985172481
22.2825258738535
71.2364508770406
8.55415704912177
26.285304967314
37.159101292491
29.4037689498646
53.9031078069079
54.3463760055602
71.7352867126465
83.9320724830031
12.0646845549345
52.9973157681525
37.6996069215238
74.5187809690833
74.3799806572497
10.0504820938885
55.4483180945289
23.4105165126454
70.4188263975084
76.5236523002386
19.3947645826593
46.4446155354381
13.7793525122106
52.2656629793346
16.4969516609169
76.287133898586
47.2325135008721
50.8772709406912
59.2934168875217
56.6235151141882
38.8526402413845
22.4759093416718
30.0615279625714
46.3699624873698
22.23084224388
53.1444756322072
42.657711263746
55.0852511078119
62.3854520019238
21.8846484087408
51.9094246439636
45.6455993526389
54.5936084352434
22.9042882099748
54.9361770041287
90.3006282635033
74.3537641015996
51.532690320164
80.9728059917688
56.8530069640828
29.1910173337434
46.4066318236291
20.4541994253868
35.822930932045
79.4676550874012
2.74475878104568
36.3294797692974
34.1055890458932
57.7006684616208
54.588535707444
57.0452773012221
36.210439396068
58.7995614856482
39.1626821993437
67.6263711240059
72.5781335399571
75.213003990759
92.4748280085623
23.1393309984306
42.3962653052524
88.2141082547605
17.2512469813228
66.5180081501603
110.275288578123
38.8552563264966
122.632423881441
78.5595793277025
74.6473874896765
121.412954945117
86.1599179916084
99.2509209550917
67.0292688533664
56.7865148095753
44.3007552996278
35.2166572585702
19.5470995269716
76.9155748188496
32.3136417237928
22.2859397989937
58.449194669143
67.9895548149943
57.776240631938
87.3863705433905
32.210713904351
68.0507862940431
33.4014829710018
59.6749343909323
49.8988975835234
21.0820427164435
83.3961339423716
54.4437847100198
41.1835426447834
36.0424557456132
56.1304193921387
54.8988742753863
47.7590778842568
15.2065221071805
64.254126790911
57.2846684887664
51.7325319349766
72.7722739800811
42.3020914196968
37.7503939904273
41.8945661714092
11.6487124934793
73.5841278918087
45.03873774224
56.4995031803846
52.9605059884489
105.202719476074
70.2876828610897
93.44582548365
48.7811084705075
2.06545647233725
70.5691404640675
10.5165323242545
75.6160195916891
10.7840021140873
88.5209275409579
62.0888511650264
31.419689211391
75.3715774044394
71.1088547483087
96.6755151748657
18.1837061013572
76.477227184937
94.2939443513751
32.741979137063
31.9413107819855
70.859616771989
58.8734911754727
79.3281259946525
72.7929915971771
44.5221548900008
77.4058459326625
11.1517441459
39.839604400255
34.3964828178287
1.64308715611696
108.379565086216
105.071109253913
9.9047982133925
10.7899986892264
34.7751156426966
35.6934721581638
73.2918688016539
37.8134583727898
93.8768621534109
100.514693624743
27.708211908943
54.6524541452527
44.0574381500483
39.4663739009959
94.8705817572773
31.7639707590358
68.9956150017679
31.2846194952726
44.7249042801559
28.9930680973094
56.0156304106911
41.3806496404606
58.5031506605446
117.209513951093
57.5075510889292
58.8045170530677
97.1805372118504
35.6186204589903
50.3458268940449
44.5234449580312
54.3378292582929
93.7867580913007
3.56461796942838
76.4186875894666
37.2005505685989
74.1287264041603
72.7138746529818
59.2935584485531
86.3777506263473
63.7599949528892
42.3348558384116
65.9452381543815
54.3416714193878
62.5845696777105
65.5125916004181
56.8085372395673
45.6781331370659
39.3528177402914
30.4399840533733
38.8732426799834
25.3805060553428
10.2551284246147
60.9668212942779
58.0806772224605
24.4251543655992
66.5929933078587
59.9140479229391
74.5047602072243
70.586881436659
18.0805053350214
8.42678491026163
29.7577104531229
43.603097461164
4.07640412449837
74.6448548510671
44.1928549251642
54.1897183284163
70.2513117906173
74.1980982944369
13.7439546038751
23.6674604006112
80.240087047998
79.1051747614381
92.621119034722
51.8631290644407
84.8018584575499
32.9335576463191
91.801593452692
102.694169152528
19.8024788922258
56.9346253997873
85.4672701316162
58.678301051259
66.6070855222642
87.0605471543968
44.2522270563504
35.0585202629239
38.1786044065641
64.586076429618
39.7357217139196
49.2905652150512
67.7022341510406
83.0062383785844
6.51445521897046
25.1837925985456
63.4981063964575
49.3149256264114
43.7807220034301
82.4141842486791
76.9350013695657
66.0437056210866
101.962424255908
63.4946372359991
75.6634700112045
86.4503607153893
34.2696947045624
68.6938979662955
86.6384604945779
43.978947866708
30.3943214938045
68.7214625999331
83.3490481600165
71.1710770614445
41.4335260167718
60.0357500836253
30.994994007051
40.2638729661703
94.0482954484438
74.4654200971127
42.4908969965103
33.256997818296
75.1357616856694
57.3442581109703
83.4204292856157
67.0572490908685
40.5391674488783
36.3582052982659
72.7249993942678
34.0144824423863
50.3771099039571
43.512371421505
23.9185479469597
24.0844326093793
33.83867693359
75.1975995488465
52.9312216676772
76.4664671383798
93.9111638814211
60.3135039098561
61.7146674543619
70.9113850258291
66.429700050503
82.2504988871515
84.6169819124043
76.8356310203671
77.9636210761964
14.5452487873012
28.6614668015431
18.0730942683604
57.8257351182401
54.7382403165102
31.2673327517026
37.7848064526916
66.4065384138645
66.1657610380553
22.2609354183078
60.2083370089531
30.2055902779102
23.5927454195917
94.6093520149589
50.9975143708289
99.3816029280424
35.8653424307704
75.8860408583039
38.7938043102622
49.0986465476453
75.3886026996577
4.42984588889994
71.8465374420254
54.3235797690327
69.2543764598668
43.5788280330598
38.7735719726552
31.0384710781895
4.1453774087131
42.5947173498571
38.4538964368403
49.0266282356659
48.998805951326
14.4834979892731
32.7653303742409
60.5582092888653
89.5148589275777
50.0008139759302
90.5961410142481
41.8352615963625
57.4260274879634
40.8386717158164
65.8185664564371
59.275896474719
64.7920592688024
40.356875769794
54.6751074492931
87.5508327968419
30.5589183187128
46.6986499303822
56.1736366711557
51.1387364972786
51.9107132218778
56.8559160418375
66.9052965939045
39.4698910808376
44.9308581080468
21.4788496990358
24.0102656185627
47.5845321469816
45.4613425768912
100.554553522291
70.5373200836976
39.1582926735282
68.0848238989711
66.5687658824027
48.6469646915793
57.4795140884817
42.394673358649
45.7877389155328
57.2259794920683
60.6503202646241
46.2541706860065
68.6777848936318
48.9846894517541
68.4758356772363
86.3276541233063
9.20960363000631
17.2943889148957
54.1050489991903
45.9253067150712
62.4685470863746
47.5265265348006
37.7668501882121
5.68524887785316
33.5510547814676
90.2371133677661
73.0060534615606
73.1694182381034
56.6646564751863
46.7380216345191
50.124313151547
37.9700680288745
44.786540325731
130.164264235646
75.8483422920108
80.8257780969143
30.9848613105714
54.0929429151278
69.4004409946501
46.8749568797648
2.83094635233283
65.0454960763454
77.9798646457493
33.7392858106314
72.8640937723152
76.9170044921339
70.7549679093063
41.2568080238998
32.04555651173
101.455626171082
82.8612086363137
80.8513102121651
53.1476777544867
13.0880903907924
81.0230783186853
17.0716990716755
75.7827561712979
52.7853640433311
41.417695209384
36.7196470413812
2.46323473416667
52.2127909662955
16.7670723050833
88.1722761850988
50.1884694211185
28.6408987827599
54.1862200014293
34.3228157640291
69.9191060078083
40.4541602358222
33.8963522575796
66.8838575278728
51.2874656356871
33.2743876336309
62.2868297621608
27.3866464924607
40.7561997883022
43.1292646564543
44.931823015213
40.8052948303521
39.5466931164265
46.8181596783754
108.867944031954
56.7343818690621
94.360364601016
42.3762532271917
12.3443875461817
22.9942876845598
61.0956240445375
38.6943684890866
57.6707668994335
65.3617351315916
47.6572113851755
8.80149891600013
71.7066873796284
82.4155606329441
46.900337561965
92.8459841758013
65.5237525701523
44.8944253692832
14.5046721749527
1.29567407918781
38.3926981401418
59.7443080507219
48.9041504450142
69.238331202592
58.4304966919458
77.2755387239158
60.149606037885
26.7741668127965
27.1528291742647
29.3763371184468
68.9134994521737
72.6716349832714
86.749290253211
45.9963314948745
74.6861199087451
0.348556724801398
75.4376402585284
59.8616377450526
38.3934749290347
63.2026388309896
66.5409910492599
92.8271437635845
42.4850581190508
106.022290914122
61.8692161515355
95.0335043482482
24.9694042556472
48.326660040766
58.2449628408445
69.0365074202418
78.1997731886804
68.5587242245674
41.5613089688122
96.5189412236214
73.2233396665407
74.7921116829081
35.8541113324463
53.5348746925592
56.7856442183256
69.2226401675618
29.8482302576303
69.7506300980685
55.5650137364864
42.4425909676661
74.3158239871264
73.8100280985236
59.5218230038881
71.0289367474616
10.2942013181746
85.3367101401091
6.21039113029838
89.2272620461881
66.6050489504733
57.7254715375602
76.9273380748928
84.6996928565204
64.9286421947181
71.8969915993512
68.464976362884
17.1447349590047
77.3446364328265
36.7084519006312
87.3770733363926
