"x"
67.6449780003168
36.1365908685825
72.403617145028
31.0398836736567
42.1067881397903
72.1500275540166
62.0223105061537
57.6318525538289
69.2448318004608
54.2498121503741
60.1158264325932
49.1997271939133
86.7440155654788
70.0268458697044
77.2136610466987
63.7939062951172
97.8685639513299
37.04120923418
73.8347225124016
58.5710940067656
65.1556708617136
53.4149668528698
57.8643881017342
44.5838148589246
58.6728644557297
41.913605236914
71.0160447633825
18.4379259007983
20.1727694948204
89.2390232496556
61.1835668096319
55.4036946268752
62.502656324033
60.2280920138583
37.4619148205966
48.5468376427889
65.3837934369221
80.7381515041925
68.0508395889774
42.2535354138831
92.2403579625398
92.6093647669643
37.2579615382772
84.3776307301596
61.2961965962313
73.0266196769662
51.882280386053
63.734863710124
67.3504354781471
61.003613169305
54.0881487975617
83.4937648614869
65.226846432779
79.850762092974
29.4983533094637
62.1612872346304
25.6496291840449
62.7029031747952
54.1800438659266
46.0509604890831
46.4970065513626
60.2558496175334
70.1889900052254
61.8512807996012
58.59193590004
84.4499089289457
70.6371100235026
72.3911076202057
56.864658894483
90.0680877753683
74.0276600699872
60.6555664281425
74.0329640684649
74.2660876130685
43.0545597337186
61.5145331248641
45.6705776421246
49.8909986345097
75.9602522011846
62.4714875593781
40.9350613481365
29.1222205851227
67.1565298823537
64.648756175302
54.4223187678642
36.9773514685221
59.9321940098889
43.3712477679364
41.6604979545809
54.0114661562257
35.7669435559998
53.474901127629
59.3439831864089
61.3189904834144
79.4726640451699
81.2235453631729
90.0051428749657
62.9512503510341
47.4463424179703
59.1979260207154
61.8757652865887
62.0802199118771
45.9070840151981
84.5094772126373
77.2801146376878
32.0628535700962
82.6781649375334
76.4126296853647
75.5870583816431
82.6081171981059
71.8158881063573
50.2706142142415
82.179038436152
79.0689923451282
39.9367357604206
54.4920218845642
53.7105702678673
37.9236883018166
75.9251169511117
56.0984000330791
70.4847964807414
53.0277551151812
58.8418213301338
63.1773713976145
64.8615294485353
90.2385825704426
63.0550180794671
47.4616250139661
37.9183692275546
67.9480308899656
70.4789051087573
39.324879355263
60.343312099576
79.3455835664645
119.025415983774
23.8925299490802
60.5809204280376
48.5252038129088
61.4469243446365
52.1373180049566
53.5023913253099
90.7446705615498
66.4481237181462
48.1362134451047
60.3933007975802
60.6763823250108
65.8749332651496
72.554986923933
77.2614441050741
41.1834853584878
77.5518754380755
79.6245431993157
59.8335090326145
48.5235687810928
79.4200652744621
49.2777591571212
19.7995318449102
85.619718185626
26.5595646342263
48.9293659338728
56.0437794774771
62.8572877612896
80.1250222721137
70.1798410736956
36.7129366074154
56.3577061402611
51.4555440394342
62.4675607541576
67.3640214372426
50.6864140021601
23.1309134929593
70.070113230031
65.8862784969813
64.5610814649338
32.254554447718
45.7740857382305
66.8639995330042
69.4837731837791
45.705885742791
78.9830604335293
92.1030880365163
73.9056924940087
67.1412659576163
68.7850733520463
77.5551609112881
41.2468026042916
74.4964900659397
33.5057512274943
74.5614906488565
76.9393696682528
40.3403864344897
43.6340703745373
27.2127437056042
60.1965938112698
73.8977800356224
51.5836355043575
56.7021616734564
31.8104434991255
78.9328833925538
58.5923139587976
56.7682136897929
71.5398531174287
83.5779146291316
61.8717903853394
50.5191734409891
77.0905383396894
69.2955112814919
44.8460430488922
46.9148117117584
70.1855737133883
53.2397736678831
55.3511680918746
58.6945370887406
49.6900480324521
78.1128490925767
90.0195910310015
65.3225858113728
66.5999301127158
64.2782367067412
62.5885869958438
63.6924456921406
49.6214617742226
76.2777489726432
47.3323711776175
67.3044822178781
46.7273307149298
48.7610908165639
83.4188752342016
83.3088136860169
54.9907284960709
41.4307672381833
41.0240905475803
49.2123795058573
27.2016639937647
70.6413417938165
72.5686647021514
52.6390610611998
96.2640710672493
40.5159833608195
48.1248411233537
66.789988078379
59.3812424922362
70.0056939385831
64.0160709153861
46.1447912966833
51.1032844660804
60.537210020479
70.8978563779965
42.9454788099974
94.0943662098911
38.5396408382803
29.8582164105028
61.5139126311988
45.8628805936314
63.6994988308288
59.8136152839288
68.1731673539616
61.9205186376348
61.2249677651562
57.1160292602144
56.2806472298689
65.7955073582842
41.7248605517671
50.7824470987543
63.2660330738872
50.5387556622736
61.7183171561919
52.306791942101
67.4334006616846
48.392646946013
59.4163009664044
62.6047875266522
60.9526127809659
62.46652523987
90.7235472043608
83.5113745415583
48.7846386386082
81.6648271866143
57.6904480112717
66.1640689941123
67.7893628017046
71.347059274558
61.961722989827
44.1075366106816
52.9700640472583
48.5389164532535
82.505414262414
62.2565018129535
58.293048606172
68.0953404516913
55.6008814601228
79.8972285119817
39.2845228197984
63.2121538510546
59.2115209026364
74.771152168978
59.5411043614149
47.2734052455053
81.3749163644388
54.8088351236421
79.6957329148427
72.9063548496924
50.3753255470656
74.4700320065022
65.3003447805531
51.7828497104347
60.5222309823148
51.435308472719
58.9867997914553
18.3035178342834
63.5735085816123
75.3751328447834
73.4904386335984
74.794705840759
89.0953807340577
72.6044782314432
64.4946343963966
65.6465701777134
76.9835077226162
54.3012057275712
32.307114393916
74.890861811582
63.721112134021
75.2307801740244
53.5475677687846
61.6541930940002
41.9105904885047
37.8742879114877
52.4349363404326
98.179272108761
63.1914248353362
75.3546142950654
23.1844357159594
70.0679895235226
88.3057205569109
62.7987195621245
49.3968112859875
87.7348734173931
47.1870818291791
67.2644340666011
54.0732664521784
96.2518406382321
20.4642968601547
49.8628705972806
43.7268460338859
58.7179566512345
73.505618609488
61.4968969020993
68.5774483717978
57.25407297723
53.6013636155985
44.083532908487
51.2051107943989
39.0166607577308
45.2863211976364
61.0718093812466
50.7809388800524
55.2134437602945
37.6462787971832
55.4135776474141
55.1529076765291
74.6456902706996
65.0519702467136
55.6949856691062
58.5735635249875
44.1193205770105
52.7883476461284
42.6583744119853
45.1132412417792
47.2863531322218
61.614596110303
43.1903060072837
51.9643512088805
56.9871279294603
79.2998539982364
62.6164465211332
74.7291090665385
61.4532704930753
84.044074988924
75.0633792486042
51.3042189728516
60.5293932603672
26.634048204869
85.014519339893
71.264875063207
49.3504214682616
43.5313925739753
67.4439366327097
43.4212073450908
71.7050904233472
73.4674776904285
68.9421572606079
16.2871608044952
53.597423247993
38.6246771668084
71.5472460142337
87.1132808002231
72.5124236778356
59.5658531528898
70.785016997154
85.1130295195617
75.9465926093981
52.5322938919999
76.2798714567907
55.9947077999823
41.6097498382442
34.4688479176314
78.5034709842876
50.5019293167873
96.5221646704557
54.13983418672
82.2249197517522
79.5566971646622
59.8979862151811
48.87239619338
68.9371742773801
72.2636732971296
69.4162825820968
92.6976306311429
36.8017622386105
57.6722504920326
62.0406970265321
88.5019069485009
62.0421359781176
66.5834383107722
85.7027017627843
71.5879576164298
65.2969973161817
44.2941968794912
68.6586220399477
62.4666442745365
47.0448880158287
73.4179459395818
61.2937078112736
53.7738352849271
66.5593804442324
28.2122280914336
49.0518746082671
75.3293152083643
89.0013120317474
58.9331315131858
60.5962763939658
50.1055115601048
66.0420299973339
57.098584366031
63.4655063040555
65.5916261603124
67.8934712777846
77.038362971507
83.0497457645833
75.9206241928041
39.750393399267
38.5919669322829
54.4573662918992
34.4562890279527
66.115774854552
38.4558268124238
47.6540788928443
53.8495424552821
51.3153677733656
59.8897425807081
38.1645811139606
89.2908355401471
28.6082946770196
53.1228990993645
74.0419178284258
43.4342640219256
59.114589355886
59.6889983862638
68.3336775782091
48.718317237217
58.953985280823
52.9273190186359
62.9516075132415
101.540448255242
72.0268355216831
69.8812002665363
65.7053544688128
96.6889628526819
43.0052468082652
34.7672591289833
73.9024700596929
49.2780495551415
65.9658600343391
40.0785223724036
44.551303028129
39.6023182547651
51.0737830190919
63.572237571181
59.2041723770479
60.3886656463146
46.3365785544738
73.7530543119647
34.7886790405028
70.9121956606396
82.7842474682257
59.213422879111
51.4064051988046
52.447484980803
79.2449665605091
47.1773957833648
53.0104601639323
57.4085409170948
64.3849747721106
56.5014607273042
57.7128012664616
82.1597360190935
84.805871010758
54.9959786003456
67.0986856566742
55.6319291354157
61.7859736084938
101.418476632693
45.6927453051321
59.2033794964664
65.5480983895581
85.9785160864703
57.575843535431
53.121451404877
68.4592440375127
54.9198563094251
79.8804222140461
77.2648143465631
62.4313023872674
91.9371860687465
53.5340196440329
61.2079589483027
49.2560327402316
72.745956829749
77.3109554429539
75.9272135910578
57.0969870314002
73.7889162264764
101.386459422635
71.5898890630342
65.6245784433203
60.7511985581368
37.5428155530244
34.6732219913974
73.4576199902222
68.0475808912888
45.7287889729176
62.8031863016076
78.341776097659
79.1078791953623
64.6622098062848
87.5348560459554
37.4161891001555
60.3048587217927
71.8900003121234
44.8518620687537
79.1141711524688
56.4678823575377
71.0570742376149
57.7181022041679
79.6487857005559
67.9925561416894
75.0203948161971
70.3236907299899
59.4532219693065
72.6026287884451
49.9835805680934
83.8736970326863
49.6661000070162
74.3218892021105
54.893818218261
56.0799447703175
49.6564935427008
41.7999477940612
63.8566687121056
35.7813286683972
74.4339087978005
71.0034891380928
46.5597017318942
53.6089221131988
70.0670370133594
53.0351347988471
64.9344607954845
82.1064864867367
65.748514898587
31.7977771628648
83.4876227891073
65.6621137168258
79.91547731217
62.6490961294621
73.9075585760613
52.7399933198467
68.7465975643136
76.1226990143768
73.7048169248737
54.5769392337442
44.6354718296789
47.6324606570415
46.0648636217229
63.840668532066
85.70379082812
60.390439000912
60.3896055254154
56.0781385865994
61.9440937880427
67.3256769077852
61.8989005452022
52.4410657034828
54.522174235899
35.6669970205985
56.6085776431326
57.8505114535801
51.882907457184
57.3816991527565
59.5489134871936
54.0120035792042
56.5049404976889
46.2764037074521
50.5730748409405
55.8014618582092
51.6086773714051
73.408690514043
67.6885460805021
47.524776251521
58.8302746182308
63.5833162814379
79.9983454635367
39.9239093530923
55.9023334062658
42.8605003398843
34.6473095705733
81.8748224992305
38.6592857739807
44.7668011765927
62.8650877042674
39.4734432249354
63.4505039617398
47.9487708248214
46.6054728603922
73.520818783436
77.0596325746737
65.9712583292276
79.0956146083772
109.040017234498
75.0381595571525
49.8641874291934
66.1649612011388
63.4226806283916
48.3378864009865
70.3768933887265
51.1931354412809
52.4942408055763
88.2530878245473
61.049258001221
72.0504637574777
51.6464112952391
56.5379442996345
67.4063057165774
91.7653422570917
50.5095343105495
94.1840698890031
81.5600554430363
51.7102048615925
55.3622498409823
100.29594588034
52.2982175461948
69.7704669437371
69.5505842450075
69.9372140225023
38.548126234673
69.3607938010246
57.150790700689
60.6935854302719
46.7010181746446
59.5114129246213
67.8185802535154
76.9599278573878
86.9974427571163
50.8257918409072
19.6495895645243
69.7674576658756
45.3123845509253
66.0006485114252
65.1833051815629
42.6876054843888
50.3632568870671
47.3065232508816
67.6250282399664
50.8710285066627
73.8141236361116
81.7942800349556
67.4288367154077
52.2739419247955
73.5887325718068
53.9571951376274
58.6900314665399
45.99815455731
60.9465840389021
34.9995571305044
78.9727423689328
48.0924181587442
39.3705178867094
38.8029018192113
84.461914433632
88.1594163470206
68.0064171901904
59.5271933707409
26.5250378870405
43.9936346254527
58.9318587444723
70.9750103997067
77.7847244171426
76.1837368481793
101.73518495076
81.679939001333
66.3284352631308
64.8545967997052
58.174081675633
43.3914722525515
66.4520339341834
21.1196405523806
71.9515014789067
75.720205088146
69.1176544642076
54.0432691341266
83.8040619855747
66.3807909586467
34.3870978686027
58.52615844924
75.0667820102535
80.8351163868792
43.4995928080752
58.1926500317065
53.2888927846216
53.7057627807371
60.1017256849445
56.0391801409423
85.9660102287307
66.3203601143323
83.1603456754237
64.3704219329608
61.5514127421193
80.9593364829198
30.6675818865187
43.9175314386375
63.7257142807357
75.7063151686452
66.1908274632879
74.0237641130866
64.6704866667278
73.6334573593922
73.039875307586
25.2259543049149
32.2331984061748
57.7924910467118
63.7841726420447
51.4846706064418
28.4516297397204
44.7312944452278
48.3886292786337
59.7509606741369
45.0735117774457
80.2246873499826
77.3743044701405
60.1819342700765
53.1970453448594
59.4353034187993
59.3747913907293
69.0389326773584
27.512837681442
97.5628797843695
64.4339839927852
50.6933003780432
88.7153514142722
80.091567360796
88.9772670291007
79.8733498668298
85.9543983824551
65.8725375765938
50.1881437958218
36.4214419924526
49.451899016276
38.7861108756624
79.8425026005134
68.1549541768618
81.0508619179018
54.3165388517082
82.9418343491852
74.5889527602047
75.6953551899642
45.2674987027422
46.687941707205
51.4520580181852
60.9675857122056
76.9177042529918
65.6077850726433
28.9629856719702
50.8356735309013
58.5218541673385
56.2674416578375
94.7875173975017
46.7302689212374
64.0864086453803
105.667192411694
39.4821140216663
51.3055245974101
59.766671678517
32.8234151759821
40.3641481534578
54.6266329191124
42.1234956593253
72.8788477717899
54.1612441451017
39.2294810153117
73.5875550890341
55.1084997714497
72.2096615354531
83.8080628891475
71.3829448795877
66.5010043303482
63.0596273113042
61.3046223879792
74.5989908464253
69.536182389129
66.4630653918721
34.7602360416204
68.0036504636519
78.507149766665
65.7824450172484
49.3075189879164
89.3875638445401
60.2298201411031
37.8966450807638
61.4999335047714
53.6655089235865
33.6455678916536
61.5827039000578
87.4666494999409
67.1944597852416
77.4189105140977
69.7175138356014
67.3670384567231
59.2848865198903
84.5414121868089
73.5618654289283
39.7222212504601
41.1054256255738
56.7308210302144
82.0765533717349
45.8016988678805
23.8903914578259
59.1539774875811
80.9702264959924
52.2695903200656
59.6454846090637
66.8160051573068
59.9748931708746
72.2263701609336
55.1390186883509
64.5491105969995
91.3843414663221
29.7123353811912
50.8847961900756
89.5170753303558
58.3172683254816
41.3227112148888
74.4913414237089
63.8144917732608
63.3689717506059
44.3014827161666
60.2096798829734
63.4833628428169
72.2753676236607
41.9932295730485
50.4981460398994
63.5081484215334
53.0038661216442
52.55929910345
48.2914885390199
42.0901675825007
65.5059255077504
35.2820206899196
67.4697057111189
82.6893708435819
46.2987596401945
33.555209835061
66.2672151772005
42.6257048653765
51.0128018213436
75.8325457360317
50.9979303460568
58.620558178518
69.7865816182457
68.5363961965777
51.0838913052595
46.871337285985
60.2450718870386
77.3337949649431
55.9541954426095
31.1592112766974
55.995826725848
62.5663985265419
72.5309068802744
85.6104036211036
56.5562408883125
93.8528835488126
63.6295191943645
79.4323144364171
24.5721380924806
36.1593078123406
42.5925689097945
69.6419680025429
94.9041619243596
41.3235159940086
86.0495525412261
29.0977453429362
49.2666645441204
62.9509282298386
46.9212339958176
65.9576194593683
45.0654802843928
79.0513806859963
63.0920901894569
78.1202659709379
61.5006576408632
68.5773649602197
59.2256478266791
35.9985059620999
55.6450939038768
53.0129092512652
56.9534698151983
96.1196778076773
56.8263785680756
52.6694107684307
39.921617771475
50.2428975974931
79.4433789560571
75.4402767634019
41.5310775861144
57.170515821781
67.0937820104882
87.6483624227556
68.2883876143023
48.3339902129956
72.8048860328272
65.0176970520988
37.6285672813984
48.8389562815428
29.4633582298195
43.269004963804
88.1467509829916
65.2789358282462
38.2002681120029
49.4467375101522
60.2206456384654
62.668542668689
40.6065849991908
70.476938970387
73.0752085359377
67.4151288694702
72.983609396033
60.8267778879963
53.7884921068326
18.8730828196483
59.9535594810732
72.3197291372344
50.3462945404994
69.8305256082676
48.0685521615669
66.2889758241363
28.0485838884488
52.434592100326
55.5710351909511
41.9336369377561
75.2945877611637
52.2489583818242
65.1308284141123
49.9645270756446
64.5932218758389
39.4306523376144
31.9261964177713
37.9777352068962
62.5655652838759
62.2744637968252
43.6312442761846
61.8855987516371
81.8088746163994
66.794793412555
71.4699095697142
62.5236265477724
60.8881079824641
55.640091362875
62.445306511543
61.0527881071903
63.2771447417326
63.9442777028307
59.4485763402379
67.7869826322421
54.5932963723317
76.5891034970991
61.8363104676603
76.7587561858818
36.2778152554058
65.8312003943138
68.4785356279463
45.0406562304124
82.3862892575562
37.3527324991301
69.8094471590593
65.3960045310669
57.6349376933649
40.9227229538374
90.2668122382477
63.5933541343547
48.2295604303335
48.5704016173258
73.8490633084439
44.1819494008087
67.6170840188323
84.4386497046798
40.8409197698347
42.2448203898966
55.7010729098693
39.5709069562145
63.5275302338414
81.9021270144731
68.5150905046612
71.0568147247617
74.0067198639736
29.1928854804853
79.7270902548917
67.0642218319699
78.0461011454463
62.2749544563703
73.382148751989
77.8170425910503
50.33900286071
35.4202507878654
48.8035570597276
72.8091889177449
71.2889962596819
81.9981627282687
73.4814111492597
74.2122812662274
69.7864456451498
33.2873677252792
71.1041209477561
70.1952208764851
53.1817114097066
32.6294322730973
75.6599666783586
60.9915098175406
49.1756937664463
64.2916137261446
49.8024191474542
62.4109176768402
40.9894093172625
63.0980073474348
42.8509198024787
40.9710231469944
46.2880679406226
57.1105637372521
58.3031794521958
36.4184928475879
82.0927851600572
47.6538477814756
60.46087667346
38.0376220461466
62.3547913273796
40.3925263672136
85.5896792490967
72.318252758123
56.1664200472592
61.0347212059423
46.3826808263548
78.6475360509939
69.7821203502826
96.5853019226828
65.9164442913607
66.9661113600554
61.035824097343
48.6667604418471
47.1548506175168
79.5139716356061
76.0594343300909
49.2360238567926
57.5340298237279
24.8817695537582
46.1903176619671
84.4757806626149
58.3406306175034
82.0621229941025
64.4162351547822
43.0576378712431
77.8164068469778
65.9638942452148
63.6687719961628
54.7846849658526
49.033384595532
33.1303581479006
20.9795432847121
61.3775740004473
60.5235367547721
70.8351547946222
28.9312667446211
85.5382407316938
52.4012647219934
61.2207732629031
29.3553498922847
40.4731068410911
43.4226602083072
83.7342759477906
54.7606358886696
73.8962457980961
56.3408243469894
40.6151461065747
53.4134424524382
71.3990717777051
30.2424574173409
87.5993490193201
30.4908163379878
78.599548956845
70.8536450983956
50.8034078520723
89.0935808808401
67.6549114868976
77.9170030145906
79.3747960706241
70.6983925192617
44.1430403734557
43.0379568133503
58.6166869560046
38.4347910618225
64.4921318744309
55.0371953286231
38.0754457377414
58.4326248499565
90.8476906079501
40.1477974955924
59.0654000989161
90.3267625493889
57.9075662535615
21.022879979314
29.1888199863024
62.5228452845477
37.8935914486647
59.98670597765
64.5467850845307
77.6186182629317
31.1235443866728
69.8038537520915
65.0532943545841
43.1621381430887
54.0274495142512
58.0146803986281
52.2380910697393
69.3709180923179
61.0051168478094
57.6928409864195
31.620938971173
36.7199248285033
50.774926377926
47.1778499777429
27.3469472303987
59.1419006814249
58.4042142727412
41.6300946860312
49.2120555718429
56.6772117745131
68.3393226354383
80.9744978905655
50.8910325588658
92.7956651928228
50.9814316714115
65.599515044596
84.4908612198196
39.6255340892822
70.5669696326368
68.5647827922367
81.261039536912
61.3363766460679
52.8843920762477
64.8384568630718
60.7584406623783
62.5814587110654
48.4683227259666
56.0980762820691
52.289437095169
51.5753830550238
58.8928842917085
69.2584730954393
49.4085907703266
62.0904880343005
67.7390079363249
51.6971069046469
41.4140769702233
39.3646534307277
82.2336975834332
63.7758954264765
67.8376554278657
51.1051962619373
71.4885267079808
70.6898585194722
53.0973862623796
56.2025170074776
41.0899285925552
63.6302029597573
59.9717196892016
72.5165426265448
67.6424154662527
80.5424526915886
33.2629920700347
89.0300391422227
86.8180572235599
45.6033496884629
83.5386723629199
57.3973473510705
47.1961893183369
68.9738167566247
50.9798361498429
73.7202153541148
46.581672383711
60.1935253944248
73.2232092996128
72.2551704384387
63.4420401183888
74.9128169263713
55.9779935865663
68.8922094996087
66.0560647957027
42.95415410884
41.4013788104057
84.5179270836525
84.7825221717358
76.2023389688693
70.7771309556384
60.959944197412
72.6381164859049
64.669817336835
67.8814686261434
84.7654930548742
41.6673324459275
60.933466127608
62.5133892172016
53.7158693769015
62.0014983578585
53.6471433006227
88.2588726183042
39.4196638371795
22.1666441066191
52.7342249406502
53.5852023749612
36.1683288591159
30.6654095184058
85.5377016123384
57.5862068799324
47.6759755401872
91.9422991978294
65.168524714166
56.2352853594348
22.0944749889895
56.1984596424736
70.5255597131327
73.3295573204499
53.977079805918
40.977084368933
52.8324779006653
42.8754655295052
64.2603622400202
70.6488398718648
52.7533452259377
97.6311120348045
61.213307781145
69.0328343771398
69.5218134787865
61.4771204169922
48.4742898261175
57.7716496638888
73.7785421079025
59.5441294717602
87.718970951961
49.3808023747988
75.4357322002761
51.7435293295421
37.9414518247359
68.9998061688083
54.6334980754182
45.6812981865369
51.5220830039232
87.500983019625
64.1898129833862
70.8854726215366
65.0897461455315
75.2465329132974
72.7032041015314
79.2481039603644
53.1301532755606
61.4364310749806
65.9228424707276
73.9231181214564
40.0543615711117
62.8276594216004
72.2654826006996
88.8202531443551
48.0489460751414
37.7014380806259
43.2957893876059
61.668987502344
54.7093728093266
47.9609975419628
42.982260149946
87.8565180994213
67.3926825402305
50.4406751133502
66.6201947024092
50.7541238330305
44.6303228161168
75.4252632614225
23.3701165998355
79.6735525364056
47.0592811470851
58.2402135240054
51.4782813161849
77.6583638507873
68.5966621967964
67.4720131210051
65.8649808028713
90.6815365975605
73.426676040981
72.0193340093829
55.8988071771868
71.5717968414538
80.7647561305203
75.5713101825677
66.6568446904421
52.2849982371554
32.9056561820199
77.6244269800372
54.4432495953515
41.9494948582724
85.9148447634652
48.9540856797248
63.7276423512958
58.5148695390671
37.1873447151074
80.6232241448015
48.1854465012171
46.2689215200953
47.9683206649497
38.1973556411096
68.9923115423881
73.1035032775122
73.1860585510731
71.9153945101425
50.8693611438503
58.8446675230005
85.0050365552306
58.0153545015492
77.0839242031798
33.8225538143888
57.4688080814667
60.2615512907505
49.7202704427764
54.378266730242
64.3827660824172
89.2873681725026
103.482458754259
60.291011701338
60.0717584875248
66.470998688601
49.1537282359786
45.0345951248892
61.7715306580067
59.9636502447538
89.8994324909166
38.3524788194336
54.2858816916123
62.9395292489789
36.0112494570798
79.5900211669505
79.0831095682161
61.0154829171118
70.0404511881061
38.8458578963764
52.384696318768
72.0324940630235
70.8544987137429
65.1845416869037
57.6117779128253
65.3682073461823
85.0869359564967
57.9177415347658
87.7309792360446
45.7994322641753
62.734731764067
70.3979050158523
81.8272824192386
47.409231774509
100.958429187433
89.152454276906
67.5922327209264
76.6450728406198
68.47583304625
71.6985400649719
47.8354783845134
78.9793047006242
66.3046092959121
77.1101756445975
80.2008538739756
25.8725722138465
70.1815673382953
62.1137787714373
27.6391211831604
41.7482272312723
52.1747302263975
43.6364818297462
73.7750486587174
57.4888833216392
63.4466140181758
49.8927262960933
75.9283598163165
45.1894589673234
71.2523593071885
48.6294793663546
92.0338307869071
75.0299985520542
59.315234713722
99.858543379353
54.4702329207212
71.8419379554689
63.5331464582123
69.2694450262934
65.867456025444
78.0033559422009
62.2359895496629
40.1620481312783
80.6565908715129
40.7923345869342
60.6670583947562
50.2504628966562
49.1130194859579
60.9634469574232
46.222819912008
64.7361223818734
85.4422125848942
83.4454270661809
77.2001979057677
68.9036919261147
42.8871841431206
25.9422042198824
57.0522173657082
54.7737163142301
63.025992072653
46.9509263057262
54.2301828972995
57.3716412181966
58.2124233554605
51.4858071110211
51.7335527692921
74.6551844058558
32.4623311753385
58.5998219903558
28.4645818755962
53.0639752978459
82.1849820204079
75.5734212580137
61.8918655090965
71.5145038557239
66.2479977472685
47.1510190400295
53.9111794205382
62.6868121908046
40.7655050276375
68.9010316855274
44.0498144016601
89.9494027200729
66.4312202716246
49.0533069241792
48.7027516937815
59.4291956280423
64.9611225235276
60.6150326032318
50.742523453664
73.6298132687807
77.0835223956965
54.0607275168473
55.9327150695026
54.7660009469837
67.679506901186
58.802311134059
65.993215830531
38.2615803973749
48.7831819848472
61.7123027332127
62.4200733727776
53.6559091926039
36.1028345068917
58.9276754180901
68.3985720970668
53.106217586901
75.7214724435471
47.117471578531
50.9449424798586
58.760744635947
86.221445526462
59.2142923851497
79.7656844952144
50.7378774927929
42.9722826811485
71.6356243825405
87.5344593582522
62.7627137582749
62.0896032033351
67.0756283216178
64.9001689744182
48.6186055350117
27.9703746200539
32.7675733133219
56.8280041334219
42.5491796340793
76.5163764008321
55.5458687121163
63.3929743198678
45.3218427150078
72.6260763476603
76.8430431489833
42.6319258403964
58.9957800111733
51.7307994887233
84.3901448842379
35.0574867916293
37.2585139120929
61.5233395365067
80.9492160915397
55.8219400700182
37.4066392541863
90.4349061840788
57.4695556867228
45.6496848491952
44.7684712707996
41.1521756905131
72.3034555558115
47.7003920241259
34.4135055784136
67.2387923696078
91.0573847306535
49.3083546753041
80.8912107022479
77.9416900477372
51.4813507325016
52.6411097962409
50.671449105721
76.4975567581132
52.3889235919341
70.082793768961
86.7818791832417
63.3593457750976
56.189012056523
64.3682926893234
82.8469728003256
45.6686122925021
68.6171427369118
63.9025060809217
100.37808097731
55.8607950806618
37.2851199936122
39.3691264427949
68.9603890059516
70.9804354119115
13.9808292151429
72.8285384830087
72.5881635891753
41.4979421766475
52.8746866039
73.1319389888085
54.7609113373121
46.4998767019026
65.2779681258835
88.9307058689055
62.7884641871788
87.0711996677827
72.060510457959
50.4594697849825
51.0508703882806
37.471376321356
56.5366565133445
28.7538786651567
42.6305975415744
69.3522529909387
43.5495913261548
66.9488000567071
56.1489391094082
47.1407895674929
26.9269844284281
67.2816829755902
61.3818833371624
25.6800940260291
44.4064790499397
88.827288914047
70.2929377439432
82.7175882295705
78.9629748323932
66.8025010963902
64.9900055175292
50.9443164337426
59.5551640036096
60.3889225749299
65.3934022993781
70.1839447719976
62.5506807118654
62.6799356129411
73.4621623996645
35.2796838269569
37.0609943189317
44.3369911517948
62.1067809406668
81.4251573756337
69.5585838214019
63.6803351808339
79.8877416801601
63.1345406873152
57.1587209279461
58.187315647956
54.3187685543671
51.3375973096117
69.8337602661923
60.2099048555829
59.6651555970311
63.4032097295858
66.5461742025745
87.1875060306516
76.5066587482579
31.1808583109723
65.2081402949989
64.7735437378287
65.7501986715943
60.4125471436419
35.1079193342893
74.695146460411
63.9029599260539
65.6653898116397
42.2295246971771
79.9002716667019
64.7422058973461
53.5234020790085
97.0018101542037
58.493598532071
46.5549326558432
78.1280216760933
51.3394757872447
65.9247082076035
87.4708583525956
59.2617974034511
65.4122061678208
41.5949606115693
39.0169814345427
66.3026547408663
39.3389825476333
49.8748980753388
63.0484866560437
44.194664109566
79.282833437901
61.6388515918516
53.1783314654604
44.0479551907629
55.3489548619837
73.308103135787
59.9428123678081
88.6049243801847
55.2502113860101
61.4337014849298
71.7961894115433
41.7114590640107
30.3888838971034
83.7111615692265
57.0111363194883
75.9818369406275
69.0511661232449
39.9821912068816
41.0666662501171
34.8095380468294
79.4773905654438
85.6247689807788
66.6320467949216
73.4768629190512
61.3204535329714
51.4586639474146
70.4179821186699
18.9080721107809
43.0144917336293
42.5463403225876
64.661220938433
73.8936841371469
76.2881340342574
79.3053467641585
59.2316238167532
45.2536612454788
66.2907520309091
87.1251171450354
38.3599156048149
65.7240880536847
57.1895502956656
39.4676369614899
79.5966951409355
74.1664692177437
42.5953839439899
50.7732988335192
46.3062754133716
56.8981775431894
36.1141518806107
53.2058783652211
66.9131900649518
56.2487337156199
47.7757497574203
68.7047563842498
60.0151112885214
82.4658774072304
35.4892774485052
72.4268576013856
41.5613611758436
79.6693172365362
68.8067224109545
50.280244736686
84.4135752995498
51.8007905338891
44.5126481936313
78.5159000661224
79.9082128796726
69.4360604975373
77.2559465258382
28.6663877777755
67.6179798902012
76.0474290582351
55.0280062598176
71.0738769266754
40.2662183623761
70.0078780431715
50.8205274436192
58.9731347373886
79.1247336310335
87.3195646866052
56.4574327436276
59.0148912742734
59.2754144454375
39.7308850711677
70.1707238331437
34.8328218678944
63.9550068085155
41.7625542447441
61.2414101914219
74.2627211729996
36.0232771854012
52.9795967158861
73.434391641058
86.7169980140045
83.9060853468254
77.4617136339657
69.4354710285552
50.5470824427903
86.9435571958847
71.6059893020429
58.1525584566407
83.0890645738691
77.3635364021175
36.7632265551947
75.85567451315
58.862468926236
31.2420182162896
58.3703640731983
48.9580199084896
65.9829115611501
73.9105426473543
69.3645681021735
80.4893471649848
46.53513856465
70.023448264692
54.3377768224705
42.7461619838141
74.8267894377932
60.4475004947744
38.0527662371443
28.4852712065913
71.9036042573862
68.0875151883811
58.6585185374133
101.557614160107
94.9554826313272
76.0969460243359
44.67365675373
69.7039603837766
51.435460220091
98.0445302504689
60.4578366037458
55.035614001099
88.7947001373732
55.6123166347821
65.9153591273894
72.4355783895589
55.8786706342822
83.2529871840961
71.6571437660605
55.6907985010184
46.7369451714158
45.2642968739383
80.1339266472496
31.9738654070534
47.0419601188041
66.1354577168822
30.2535105729476
49.3618330801837
86.7740818014011
78.5154355107807
50.0964772072621
60.9688046970405
40.0548379402608
61.194061068818
82.8698251280002
59.1990869725123
52.8229048359208
61.126043235728
62.1594422264025
26.9167111837305
60.3955059195869
80.2104703034274
48.8873501308262
48.316654516384
87.4450671201214
63.4486648079756
70.2073652064428
52.2114676423371
39.006510532499
85.7280365889892
52.6947112521157
65.1017424604264
79.1305243037641
84.8954762332141
65.3963218210265
50.7190288044512
40.5550701543689
85.3905995609239
61.4470831933431
68.4642318519764
41.3683097576723
62.893528258428
74.1474455495252
46.0379914147779
66.6791906435231
66.1221347399987
81.6033949959092
66.9543917375982
67.6248710369691
80.7218851614905
68.3576352894306
36.0617978149094
46.483497505273
73.8517165882513
50.5012421053834
55.4299253263192
63.3671593968756
74.8125531245023
44.332867876767
67.0946124591865
70.1266226242296
45.620265416801
71.4644420077093
34.3714117771015
73.0436805752106
67.6377544878051
62.4882868141867
58.9602118125185
66.942589590326
62.4680527835153
59.3623237218708
51.9682206795551
55.6167748598659
47.1693561883771
68.2350474526174
75.590486114379
75.7442436297424
38.7632257770747
70.0392297003418
48.0752037838101
24.9509732067009
91.6689000971258
64.4520630594343
64.9396575754508
83.7179551599547
84.1863359091803
45.0771868927404
51.9658720004372
78.2281744177453
73.3964464161545
76.7617136007175
39.7762171924114
66.3862786022946
77.6737763662823
84.4179732375778
68.3735010097735
83.2885809359141
51.7641799556127
84.3291717465036
75.3117001149803
52.279926429037
44.421591097489
39.9768941180411
74.5528917759657
71.591762942262
42.184104968328
32.8836929984391
60.6190871330909
79.8111866461113
40.4960308806039
43.6020665802062
54.8303493415006
65.5568828224204
48.1493284460157
52.906610944774
57.9383694730853
53.1657549436204
53.0397794791497
38.0845217582216
57.0442248717882
60.8678094890371
76.2242079945281
63.4707876015455
48.9215804263949
67.4208791460842
97.5505604821831
91.5317836082229
53.8383925112055
34.8303225473501
40.5214148340747
64.7977449698374
72.1488333656453
61.2555250631226
80.1117742666975
64.9961550952867
58.3036341093606
68.2169341598637
56.9419410894625
63.8428333331831
68.5740191757651
53.2858252408914
27.4286451749504
70.911955263
60.4201217647642
70.32257062383
39.931042410899
66.9517137575895
57.6367795583792
44.7227889671922
54.6629391028546
55.7601707987487
38.3071598480456
85.9993207850493
50.0995604670607
38.6150490100179
40.4648339026608
50.1904406119138
32.1034949689621
80.0933355349116
49.5946392184123
63.0256051761936
43.1984854887196
90.3060773800701
45.9050344237235
59.1954235569574
70.0131569756195
91.1740134710864
61.4460412762128
72.8469696708022
57.0618759298784
81.7260369076394
45.6646371076841
11.4156766212545
65.6467512599193
85.9437349718064
66.0875188768841
67.355262232013
63.3613096641929
34.6670346334577
58.022027136758
60.9221564948739
84.0336859109811
41.8721926398575
29.9080926342867
52.1542565547861
79.5519293169491
65.7794401631691
37.0486423489638
74.5726440800354
58.6971966549754
57.6264432816118
74.3597554392181
55.513592029456
54.6952936565503
33.2978384685703
65.1277881115675
36.8950056144968
76.852097234223
47.4194858106785
62.7877669758163
87.1253833107379
67.6141451112926
41.2253432441503
