"x"
44.8324131313711
20.8710629958659
16.6517795994878
40.7457260392383
14.9895612150431
47.582185221836
10.13700850088
45.3314040787518
12.836299443753
18.1718736886978
35.4991315864027
31.5250077750534
37.7188786962088
9.32338130660355
44.5352153852582
28.1602221541107
11.8082107510418
41.0170659422874
15.1655216701329
15.1536596473306
23.2376528429423
46.7911014917375
37.009655777365
25.8109890390188
25.8114309981465
19.4030066486448
34.0223351493478
37.6382196787745
16.0966291323957
37.0806058868766
27.9461027588695
19.6844013873488
24.4616684969515
27.1005263086408
39.2280766740441
19.9971327092499
1.99333061464131
38.678166968748
0.854411432707543
40.8918863776296
15.8363598398864
27.7609833981842
24.0888097836444
9.58242095075548
39.7874641232193
10.783099441822
28.4778589298225
33.0519164446741
17.0707481913269
29.6707057394087
46.764990594238
16.3667369438195
3.28205087570602
21.1208304855973
30.0696782896437
29.4648991706753
29.0140992030501
35.2810862008482
49.2319769226015
56.6084071528167
33.921743510291
23.2659875759438
32.1858508046716
42.4087203107774
23.3129424508661
23.8295612391084
24.0930812489252
38.5060481593593
37.6634264364839
17.5662811057078
37.4861493288087
17.4690706290868
25.5324579205693
26.4970238786191
20.6863809376955
15.6497422194314
18.2631674688309
28.2978445250605
47.8175893425941
25.1142269466072
51.6752441879362
26.1887332424521
17.8873812779784
25.7455437023438
41.4633636766529
31.9016505032778
16.4031947497278
40.4656211457019
22.2529869060963
31.957388157025
15.3096480711498
25.4074323456734
35.8386466515522
19.6971530769965
39.5804271101952
24.1495446767658
33.529389789328
23.0093272611258
42.1182142104954
17.3963005790446
23.9713012240827
28.8067354666752
46.8130965506802
20.0755403377116
15.7543086446822
32.3987840674818
41.0793966089295
35.9920871909708
21.7959355592524
43.8858883646054
20.2591306529939
24.9795555602759
10.3449229779877
25.2787241938767
33.6777589283884
22.4392315372825
31.1474954709411
26.6125943787718
18.249092681728
2.6363143697381
38.505669310689
37.9029242787788
26.7179890070111
35.0527721004812
32.938443031162
36.4989582914859
48.6816280521452
14.8522288881373
28.2284078653902
37.5110347770184
22.6179613113772
26.7977160867304
29.427222711441
31.3179795630276
21.6670646332204
27.5826729288163
36.2880844157189
32.2166984900832
9.46006585237458
31.2721306255256
30.4375662053759
48.3792134094983
28.4880945887173
39.8812814615667
16.2730089813479
31.5636210609227
16.0730549599975
9.8273249602083
14.4829769871586
34.5832654275
14.5357752218843
36.3634990062565
25.4560925532132
32.8594403807074
4.60516046177571
29.2836609296501
40.5357685405761
9.06412019394338
27.1612287499011
31.0748020652682
30.733123794198
14.5042586235732
31.1429244931787
8.38761464692652
19.1601119469851
13.8698640130676
25.8067246628828
28.7647506816196
24.8862599488348
39.6485973398759
37.6869156491011
38.659313460812
25.1513221301138
8.94685382954776
25.1401207409799
40.5755767133087
16.6764533612877
33.1624705759953
25.49163664719
33.815908368147
3.36505952186647
21.7585242819041
28.5818658303469
20.0619024564955
24.6020135935396
15.418638009578
22.3039552103728
47.6710780058056
25.5401824600995
30.6843148757789
26.3542640426172
23.5697828698903
23.5613437369466
27.7934957761317
19.7086168918759
11.0663121100515
50.0486104283482
15.1653883422749
54.3725619558245
7.63009822223235
43.0399429518729
7.89417177438736
34.4558855518699
33.493370981887
7.02543295919895
33.3205116912723
35.6367171276361
41.2396526895463
40.4446504078805
34.8040640819818
34.9439155310392
35.5092933401465
24.1105931345373
23.55375863884
36.5197980310768
32.227300797621
16.4430590812117
33.1616785377264
15.5257660895586
7.50152766704559
34.3921740676408
43.206256441772
17.0507553033531
10.0928054181554
32.4018905870616
39.0109273605049
37.5777261140089
39.5622205920517
26.9189586862922
27.1437164861709
15.7281292090376
27.3465986126115
13.0935941988376
24.7934429440647
40.7847054302692
10.3701444477885
18.921280578724
9.56802796572447
31.2604762148112
13.2826561108232
20.3555876389146
2.15653562918305
40.4815323650837
31.6521687433124
31.4105891605496
28.0185394920409
4.04420788399875
29.0169753599912
44.6765799137292
11.882730666548
43.0746669415385
21.3447225745767
34.1203475836664
26.7458247952163
16.4877711329609
35.7610170459944
31.5833364548772
51.1559930164367
51.1310213711113
24.9990626596963
24.5918207336217
29.9380418757005
24.1848573941328
20.6571995746344
41.0906424745917
23.6864748876542
34.9332033190876
38.9230725821108
24.7168432921171
4.23972361060205
30.6608477141708
30.5530433543026
44.4159873761237
13.0943957716227
36.8386649526656
40.3849340975285
21.1402173619717
0.815011980012059
47.0033817924559
12.3684213031083
50.6861370056868
40.664593939956
11.4419560413808
25.3100154036729
31.4974496141076
20.3459083862467
57.9391805455089
24.4216307066381
15.9803399816155
14.6956782670163
27.6395818592239
35.1997247897089
23.8755788188428
1.54553921893239
24.4952336885035
34.0529780369252
30.6352333715265
30.3672310328861
41.2746313344549
14.0803853049874
28.2256475184113
33.0422120296839
28.6088032080384
33.769343001768
31.0118184424937
0.493369996547699
28.0242001352094
34.6188545622428
8.98494770318912
40.0483985897154
37.4186610803008
34.9086997564882
21.6331036295742
30.6663525756449
20.8256493322551
48.1755102984607
33.2430779002607
21.8016142773406
25.979121401906
46.7890162486583
38.952919235453
32.9820102080703
36.226878548041
23.8640723284334
10.7903521507978
29.690769007742
42.812679186539
44.2424288950861
15.0341727770865
32.0331574883312
26.3266843374299
32.1738579310477
20.4420533496886
24.3513820227236
23.9367190748453
15.6083951346376
19.8910993942943
36.6925872862339
2.17234846204519
26.6074161510915
26.4809333719313
16.5936170566465
23.0145248584449
26.7259462862044
16.3559857860695
33.600458316505
22.6503709331155
31.391532626003
26.8242132917858
53.4180230461061
35.1448433939368
14.7546040825546
22.4100416526198
11.4394821555377
52.6824112981558
17.1250859741122
47.8597509208825
6.44395267315942
26.4771353919059
12.6214541494846
5.1276212627888
1.28148046326975
36.0912834759802
16.5177604183555
21.2403323035687
19.5647836805536
50.4791332148745
27.3633416276425
61.3773507066071
23.9870164153633
11.7574788455205
45.709236850962
5.76326292939484
12.6529921311885
2.67528314143419
42.7953627891839
13.6595978867263
38.1350699346513
33.0011444166303
15.5042719561607
42.1852217521518
22.6736157407358
19.0158665180206
48.0690310243517
38.756551919505
21.7668629376198
27.916464349255
12.9414631519467
28.6012716345227
29.1850327048451
27.8258613776416
19.9577910359949
25.547624565661
27.2066229371179
19.1369105596095
17.4922275697082
19.5214332081378
15.7123440376095
29.0031125623235
25.7611483335495
9.14130294695497
19.0264925684751
32.3339268565178
6.31776174239562
25.6238044705242
31.1522190459073
7.41663919761777
26.6841893134911
18.2618042454123
22.6216328330338
21.7816909615272
42.4123143910496
11.27384265148
22.2243770025671
17.5605233293027
21.6091139707714
42.299136683562
41.3324567023665
1.33237628399572
20.0904583043243
10.9208825044334
15.8205203246325
29.3469989206642
21.0891539158711
24.384368211031
30.1721322350204
2.69584196471446
4.92967112259375
27.558501297608
38.9354017097503
39.1677880458877
29.281128040974
27.7152767870575
30.8729295837914
49.6139820989547
7.18301269225776
52.1496463101357
22.2493853420019
20.806131988255
12.1281811967492
14.994581842554
40.5678025446832
34.9988609552383
17.7795552648604
22.8182355407625
2.42480705492198
28.9061797017349
9.03474227525294
26.6244665552895
16.2349950987846
36.1362653318793
34.307909430936
43.6798375099897
6.8491761204034
13.1042020861059
19.7508064098656
34.1135087423027
21.8757561873645
38.9639064203948
16.0003055842884
36.0316361300647
25.9112932070339
43.92717666924
42.216842295602
46.8135570008035
37.3958425130695
25.6037507247375
29.6959707979113
34.8109083715826
42.8706596139818
28.5846769344062
27.7435947209597
7.80479344539344
25.1658261842996
35.5247923638672
34.3255993965204
7.60886351683869
36.4525273222508
9.41588431466823
34.0323082171381
24.9295922461897
41.4110842160881
25.5064084660262
34.5844462048262
24.0564547479153
32.9701710958034
29.1985135991126
26.4581774361432
35.1020199246705
39.245875319466
27.8157127058646
34.8808114978822
39.401340529815
36.0433980822563
26.6520054079592
26.569615630433
6.33855416971883
46.5482775121927
19.8844770435244
35.1563563681411
6.15088157355785
35.1088929921389
13.6222604196519
31.5814753063023
19.6151316445506
19.5525883696973
47.8780737612396
42.7897938992828
12.8511931678621
23.0784115314722
31.0682378709316
35.8479273416361
37.6817584037781
8.33907406777143
42.1976237557828
29.5307914260775
43.1279365904629
17.1108775519458
17.9046743083745
24.5225647464395
34.9368130322546
16.9503026176244
30.1116646267474
23.974508466199
28.1243088283137
26.241173080053
30.0661182962358
43.268415518105
43.1935723405331
33.1209488678724
36.3873426802456
47.9538016952574
42.947261268273
31.3220675569028
33.5396723143376
10.3326969314367
21.141865182772
10.1107338912227
21.5210910420865
39.2866129986942
20.1263715513051
36.0436555463821
3.95709691706527
24.6955062639862
5.31087759882212
23.4997004270554
33.8601689526693
37.6807844411457
41.9846094679087
37.9840963049337
21.7126351315528
26.8137963023037
27.8743434231728
22.5043737795204
32.0550840917307
23.0722072534263
26.7036461737007
24.8744939800415
45.5380482599139
20.0924217700958
71.1320042400024
25.0837887637317
19.0772054098628
46.8340830877423
39.928715918937
32.8883779700845
15.7861011102796
43.9461417496204
19.8168475180864
40.168538180688
38.1767540238798
36.8069822899997
43.8140062615275
11.4491266664118
41.4147503208369
11.0635518562049
13.9225525891104
22.9386063758284
21.4311655145139
33.6829140782356
39.1678629908711
23.0741368606687
12.1141061652452
29.6726785193655
63.5823911521584
30.5627637574836
29.2352320626378
38.2502049090971
24.0403512958437
37.4940324492395
33.827182976529
43.9718807617785
15.5689799692482
41.7810559121274
38.5661696083844
1.37714021839201
22.8207087444061
26.7651646747832
34.3105389736593
40.1828835252672
29.1453250683844
38.9888313598931
15.9844735463938
10.5056187137961
0.138278638156582
41.2230174988508
24.4920065626502
33.082973219091
17.3331405501813
29.5345035555138
22.6603371556848
3.71221746662043
23.3481635805219
39.4559755455703
29.1231504641473
37.0262924116105
35.9593357593174
9.53411809168756
35.1418669157221
26.2046697510949
10.7452408410609
51.8452714461667
34.8837775609996
8.46854989624067
25.9060410782695
35.6344799424661
5.65218632619093
16.376686352536
27.743332600221
38.1622577086091
30.7120506186038
37.4923103954643
25.8915834209104
23.4475639648736
42.9833340157871
52.3565432494717
13.9311208572588
23.6313488016828
27.2839656565338
50.4581513348967
30.9421395882964
56.9633076934721
37.0999576989561
43.4368284388569
35.0134026724845
26.7325854860246
22.5749519653618
29.1911896777505
20.1612496748567
18.3993722777814
9.99295110151321
24.1984287276864
29.4093566015363
15.8210827773865
20.9836832247674
24.3958904440374
34.5817272551358
21.0585293825716
14.9923525284976
22.6830007974058
13.561404729262
16.1031611945909
22.0089584123343
10.888910992071
60.5625338852406
24.2162452545017
24.197326367721
6.09869067557156
43.2558363769203
24.0729555067722
21.752003362768
24.8070769477636
36.6953168736521
13.0855213850737
40.6252722721547
23.0867693846787
13.2297550793737
36.7960470728576
15.1997064738131
2.56984221169278
3.23367593809962
43.0755314417183
35.2498243056439
22.5231856573373
16.4308208040893
41.4976913481951
19.1141950432211
18.2751904707402
18.51766416803
44.657161552459
42.7627558127174
23.9433713728183
37.8208820708096
2.96036205254495
10.0577946183164
22.8416251949966
24.297974165529
17.0152737688326
20.1575996354222
32.7169015537947
23.9133237705226
22.5574189797044
15.0884262610941
31.5563497460563
27.9940351246684
35.427661033569
22.7285312485933
32.079772092402
61.1315820366144
29.0452572982758
21.1655379738659
25.6345978472382
6.31033163517714
28.0780082568526
43.8199149910361
6.13201474770904
21.4263878379113
33.3273914176971
10.1278937961985
29.2810177896172
34.9533756263554
23.2108737807721
35.4409249965101
36.2222004216164
6.93080667618933
33.3649228987597
44.0837539547253
14.3209303729236
30.0644380506128
20.69537724804
13.5876579675823
45.3372707124799
7.25505098571109
27.6381821837276
24.8862465377897
51.1601547244936
22.2599227912724
43.5423740185797
21.6868487652391
32.5520067010075
29.5934083405882
8.76426724717021
28.7667920347303
22.9869938455522
33.560047026525
27.145148254931
21.9427096657455
23.8378239795566
31.3039555214345
17.3998309279761
23.4626453369856
7.14593748562038
20.2258707489818
18.3220197446644
33.3278934005648
7.27222869172692
7.10649322718382
8.82988849762457
28.511079121381
27.3369705770165
42.3191781338572
35.9248436056077
44.4609686266631
22.7226182818413
31.7912519809933
36.9937137700617
19.972818158567
7.81687611657616
20.2072807587683
17.774100555107
18.6633479315788
15.6642023939639
20.4471242673468
13.6969354003668
19.8052051477134
14.7549618966877
29.957499820739
32.2393696755171
22.8758939541876
44.786889757961
39.6671471486744
8.17129716939412
35.2822674438357
18.8992340117693
36.5327931474894
27.368329208473
15.466728201136
35.4675512760878
36.1708543729037
39.1365322750062
45.738223940134
18.8642806589436
37.1338012628257
29.2349353121296
18.1132760985101
46.9821435399354
15.1050982065499
27.542359707877
27.8954853769392
36.6453445353471
11.3479264546186
40.9484389034064
8.72339350171387
26.9561984110624
24.5194391486391
41.5226530283689
47.8065159637481
23.2566856958907
28.2534966245294
20.8794413600117
28.7829651031643
26.6907088924199
23.7604433392191
18.2798114395835
17.7908674813807
24.2182692047209
26.4141422961375
46.64007993415
16.8052689637989
2.71926107816398
42.1528283040971
14.9667792022228
29.7928034793586
30.887364782393
20.8568081627653
7.41084491674308
36.2799793072377
29.2401518048495
30.9701392534829
24.8836615870223
23.3779595209254
31.5528052393347
27.858464509707
31.1361375730485
22.7799164720738
29.5374420377802
7.8427089843899
30.5929244428824
23.0227560270578
3.79728153347969
29.5469348857738
27.411962824896
41.392734604293
22.1868860069662
24.1867973934859
27.4432709802122
31.6340649034828
22.0448150765151
17.9550538770854
37.7282319590449
12.556398101151
7.40452222526073
21.2242145556957
14.1758262645453
14.6797424647957
31.0131524689496
26.3904188759625
39.8431323934346
13.0843876978538
27.2387307111736
10.4160521645099
15.2941297739744
34.6306274179369
14.9718570988625
51.2090957723558
61.4637183491141
20.3117770142853
17.3194658942521
33.9578724955048
6.9600500763858
44.479908561334
30.1429793800036
22.2109131515026
35.1167350076139
5.19542978145182
10.5659189634025
21.346454648301
31.7778549336212
34.6166030352162
47.3367913160473
37.7130945447095
29.5363486278802
28.6840768376124
17.5202242098749
32.2087624110281
6.88519887441605
47.9298426304013
8.73667682479913
35.3044426999986
19.3698332644999
29.0118789316693
31.3641466200352
25.9391177669151
41.8382198806794
6.51904582045972
44.0944998990744
9.413549490273
18.8276832581418
29.0532606653869
8.46230918541551
24.2139158770442
23.7421251367778
40.4040480963886
17.4445077106067
23.8428136718513
14.9146939162165
17.185347341001
18.7800003215671
11.3068179231865
33.590333070606
24.4010508874328
11.4926396403462
39.6897671906697
22.7765593677759
36.884902446987
38.516729549983
45.9604945767305
23.5339715145528
33.0042772238941
20.358954789117
32.5127832591534
14.7931283855665
27.7649451978505
15.3015836142004
27.7271683133885
38.1622359864782
31.5219408672242
26.4299905858934
25.908518768847
48.4428653027862
41.6467359895078
22.126925829798
7.18491645529866
22.2712956581854
38.2609898224473
39.5932912297145
23.6943055875599
25.8448181432936
33.6535378359258
26.4236536342651
39.6943219006062
32.8752721425644
32.19502880238
31.6605248022825
14.9139600939167
27.9326920519886
30.4713043849915
11.0806415323168
9.82594774131766
36.2448499538004
24.1401930805296
43.8179714605212
5.72492251747042
24.9240009114146
5.34683406041611
15.3938021214881
29.92620235309
28.8286854978651
33.0352957883437
11.7132986634557
16.5728490334004
23.2995809055865
11.8956714402884
33.1030832137913
22.6094122481514
22.1773241180927
50.0309597235173
30.88169466205
21.6324178036302
19.9047454632819
47.5977879483253
14.2821436555079
42.8309905808419
46.3332273457225
43.2181467945175
21.1879510095935
33.1645249389112
26.6847199294716
1.41127295792103
13.7765334453434
25.9772573230015
28.7641980685294
49.117046687752
39.3537910655141
27.8111157473177
33.0923567991704
23.3011350212279
31.2198375817388
11.0012627206743
26.4323249459267
18.3466748800129
39.7581196390092
22.4620894528925
12.916338769719
19.6871204899849
33.063307730481
33.4936697501689
4.76368255913258
12.9121254972771
26.7433783505112
49.9642242735852
27.5438897777349
16.1592010941816
12.8859685733914
39.5601956173778
3.15521475858986
34.3014732205742
36.8868454359472
18.9853864721954
54.54878997989
52.8127848636359
31.127703608945
16.3523304276168
17.5949453841895
22.9824200738221
36.9133371394128
44.525159522891
19.6115390006601
39.5007146056741
20.8507841918617
31.1035648399758
11.4704116713256
1.50048932991922
22.436626534909
28.6707443650812
24.7589374927418
19.0777005740941
20.6440133113603
24.9643569812179
12.5140271247332
26.9341206178069
27.3988304194063
26.7170100097786
30.7618454098701
36.5350440144539
40.3961972387201
26.5058904420584
7.05821426300769
11.1185153839285
22.6713655050844
30.1553564146161
4.97572822272432
46.3798033660894
2.34211847019021
7.29093789122999
37.0260412339121
34.7900128025419
25.6022864220129
44.6762819774449
49.7161200735718
38.8930052053183
32.844499046075
47.0022574998438
32.8892291989177
45.2359529212117
16.8158218198289
30.7434954680502
27.4349549319595
13.0761038239458
41.7820273423005
14.1033883028774
14.966089092195
41.9479565824721
28.7074762862176
28.0022075865418
21.0891584400088
21.7881698309284
10.7269574172311
28.9151928387582
15.9328062087297
19.4619150366634
40.2422964450373
5.82869818881276
35.9559345524758
24.9094501668905
38.0785175599158
33.8903338018243
27.156147826463
35.1841968484223
48.8632417749614
39.3308361119274
21.3920755777508
19.8043731431377
37.6119381827308
25.3166425544428
22.9389536194503
23.5056331039911
17.4380646087229
20.6366726662964
41.6643371339887
13.771223090589
42.6534364465624
37.7272504286031
22.7921235566199
22.9998687747866
42.9933605715632
15.0984859286604
30.2196754003828
9.55583103753058
34.8129728343338
45.8300007588504
9.90665420141616
45.2177807688713
27.0818312186748
21.9292529364965
15.605417532428
24.2814922239631
30.3969541098922
27.3589834570885
25.3631520085037
12.7661293372512
36.8194791513229
26.2116404250264
27.9290966806763
45.8047084975988
29.1038952302188
19.0138208214194
19.5695424918085
22.4539537914097
36.8915478698909
28.7871394772083
36.6416600067168
17.288231337443
17.0477657578886
16.8229630682617
35.4006517678499
9.56645351834595
8.70542675226988
25.1249888368842
10.1659485604614
33.6363302217612
48.6386624630541
5.71588557213545
23.9853507839143
30.406747420537
5.12792188674212
28.8542815484107
36.0465839970857
17.0705159660429
20.3013576567173
11.6529759047394
21.8520633410662
24.3424860294908
27.8149517718703
27.4958629626781
36.2426501827464
22.2719652112573
49.1262400988489
20.733253454608
7.09186163730919
12.3695618007332
28.8675934076309
30.7582386769354
22.7812519297004
19.1553257405758
43.45279103145
13.6887569289027
41.2542646750808
31.7611120175447
15.5691790377387
43.9272936899215
26.631175012278
62.1984642464668
35.1164314430207
39.8344333749264
22.6230920292437
21.7563596847572
26.1962921358645
32.45520722121
40.1772932368819
12.3248439282179
47.543651467451
10.3091954253614
34.0047376225805
56.2197585969618
26.2186693958938
14.1912814695388
37.9144338425249
7.47886349140968
35.5750276707113
22.7118072630834
5.6749364361167
6.47938517436606
28.69643708691
38.9841078780591
5.97459614600109
30.6929752230644
12.7534644004097
33.4783708953597
21.1371849291027
14.2196918293891
20.6096286081367
40.582333272323
32.6118970289826
22.0353029871096
44.3880461156368
29.5623637816797
8.30930385616355
21.8521983811926
21.1176237091422
35.2129796777755
40.8680681139231
25.9272484108806
35.3448753710836
31.0048778075725
28.7767615634948
24.3940782739964
22.2188317474599
41.7896339279844
34.5679120160639
11.7256874218583
45.3457811063505
27.80707241036
28.0465162391313
24.6177988592535
41.5288535878062
29.65875165537
15.9562879178292
22.6846185978502
34.7057719249278
24.3063785753429
56.3759156502783
10.8744192868471
14.2780086097319
30.2354205865413
21.8628323636949
17.309679929167
49.0866484120488
14.4100519362837
32.3221023660153
15.03980583637
25.6342620588839
25.3439592197537
37.4475804623216
16.0790457830845
11.9405817568855
36.9607035536319
36.204309749625
27.7523908806134
35.5215805582702
20.8246925614933
18.5381474904716
22.4753595321734
46.2883914355189
35.9140794258565
36.8631255817867
19.9809169601686
20.8901437930763
34.9357384257019
14.0532813966274
14.1105654183775
37.0731868315488
31.9557253271341
22.6047882192244
32.1241099242412
31.5632600337267
28.6446732934564
27.678464865312
35.4856962803751
40.9582122694701
29.5211566146463
10.2444875752588
41.0998865962029
35.7963157260093
28.970530629158
26.1481839697808
24.042289812602
23.2714486774057
31.0369997285306
17.5696790536435
20.1182065286727
28.5176309291273
39.0728729311377
24.1029687225819
17.8376036696136
21.0128790233284
39.7700461093336
18.9402133692056
28.6358086857945
11.2833917606622
32.3947256896645
26.26749034971
37.5404335558414
13.2488153874341
47.2050028387457
20.4775040969253
43.5196941718459
37.4386715702713
22.4785388913006
23.6228973930676
43.4214157052338
25.5756170488894
43.0084822809418
35.4209857897996
38.2207747083157
38.9366611372679
22.8177462238818
22.384072188288
47.2754382062703
41.1138691008091
18.4993802222383
26.7262420258738
19.4574316497892
40.2216454036534
40.7413443550467
12.8720769718842
41.4318755269051
12.2051082085818
18.3184863068163
33.3752166014165
36.239095730707
44.8351856321096
31.7302961368114
30.2228120621294
29.5702903794731
31.2544761225581
33.9209640398622
31.8022340070456
13.2658018730581
36.8119921535254
17.4597961828113
2.60901469737291
32.0197849534452
42.596841789782
11.8153306189924
15.1466354777318
29.5451616258742
28.3386867959052
43.626656801146
24.992299079895
11.8108175162625
22.5363540928811
57.1267250925303
54.7767596319318
37.1214750222862
10.2828032337129
30.1598230842501
33.4663746130816
39.4599786493927
27.1328705828637
11.6009001593907
16.3235630028674
36.3965630996972
43.9186835195869
22.8352692909539
29.6859364490956
35.199822159484
15.7361940338579
37.5012433156371
47.2740167751908
43.7582071404904
13.2501950953156
14.1814904786399
33.2182725891471
24.335210910067
40.8260446973145
20.1714237220585
1.37657805949446
19.9827965572404
27.1369693800807
9.46642021255065
9.87767591141164
31.2431226018816
55.5425215046853
14.1487783286721
38.4143975239694
32.6752237975597
49.8013502783817
21.3535650633276
37.1672288980335
39.0142778400332
14.8445249060602
18.935861159116
24.4563752785325
27.2810101223359
5.95771986991167
26.3117918237151
18.2874740423147
38.7416760660146
51.4469570480287
41.1046670284122
38.4664521086961
15.2636179234833
31.0517129530148
39.9058293085545
32.3270845692605
34.4532940071076
18.7194759491831
11.6381916217506
49.3549854960293
19.3331627760979
27.0032104570419
19.2439018624844
22.354314243421
10.2029659319669
11.9529708201771
37.5136123970151
23.4279308002442
37.724132463336
40.9909675428206
45.623040292412
6.19630953752098
17.3447542823851
5.95910078845918
37.9968454129994
30.9760505799204
15.2819857466966
41.209357092157
31.0414304025471
47.4895241522109
28.3548380539591
7.56135271703748
9.12122902939537
18.9095680601895
33.4783729933764
27.5693752337247
24.500704696402
26.002180842146
35.3396374266595
30.6350865866989
34.1606600490694
24.7914105653763
2.60299597866833
21.8665285941399
14.1219843971532
36.4416447468102
46.3785932399333
55.3228958975524
23.3015100982078
30.0935613457114
23.2172495219857
24.7770550195128
26.2576959464492
41.2588140461594
31.1814620233627
25.0732887070626
48.0857245624065
24.7413042932749
22.885638247619
18.5488080605865
15.6844002458224
40.9770838916302
36.5976909175515
41.5189696941525
20.8546053618193
49.3643187452108
27.9860160688905
14.8327978800247
39.7130669094622
35.1466367486864
25.3842157311738
8.73702182434499
32.4504871387035
9.17348023349913
21.5953960549086
37.7623973414302
18.5997110791784
22.3252794705331
43.9763648435473
26.5412377787557
23.9508709404618
30.4934183324671
11.7792684602071
7.17188799753785
23.246862180531
18.603679736087
29.7364723868668
37.4575072899461
44.1958043258637
32.5299174990505
36.0070798080415
48.807746078819
23.95512573421
48.7791277006124
30.3250149495526
25.643884058423
38.3315200917423
8.88558466137791
43.1661474984139
25.9217055980116
22.823827015236
14.4748627943902
34.1439826072542
30.2869885694236
21.0846581496298
29.8193011154022
19.3590229951689
24.3607385549694
6.14121416583657
27.2227361092577
22.8664675727487
47.0431118737906
30.4965392614982
17.8676578681916
45.5112997162274
28.9294241942092
33.9782830353629
39.216059492901
38.9891881961375
45.1357958838344
39.102395856753
29.4742570724338
20.1410905458033
47.4391226191074
28.3719354057584
33.5779577959329
15.7579643186182
16.4417813532054
27.0197776146233
11.5195943443212
26.2857181879244
61.3742052577436
36.8773228450262
46.4298067389038
37.9218642134219
41.4297491777688
42.7086833686847
32.2076504983418
19.0622838951011
23.3475757297128
30.9175672009587
35.3084948379546
44.8112319223583
16.4824602395898
26.9404217135161
13.015474146232
32.573494547978
37.5607100522895
17.464412515983
45.6543972250074
25.0622581224889
38.3160658646375
30.0640778616071
29.1517259503201
26.8316322471946
21.1792756457591
31.7270383704454
41.3929135538638
28.9697860833257
33.586888213676
16.3551415782422
0.740363484008719
29.6906189527363
36.6923218593001
34.1916962526739
23.8224560504312
37.2899001929909
17.2740641839229
32.7777272555977
33.9508379809558
15.2815248989301
28.0557993177266
32.9154271166772
35.0759116759792
4.3148003816501
40.3228992130607
13.3010568097234
20.6296693533659
27.366772852838
24.114092066884
40.5533242818751
40.8669001888484
45.5069774761796
13.273548334837
35.9761928673834
23.9167837874771
28.5752154421061
19.0475964453071
34.5088018570095
36.448474554345
43.105369727537
14.1464090563293
28.7077149503071
34.0529478527519
25.0313317228246
35.0188376847655
29.2338056024164
32.8723457176238
37.951887148253
12.6848191022873
41.4768104907125
19.8996221181005
40.8540781587362
25.4385685082525
49.6665923856199
37.1114271234985
37.1445239987224
45.0627177488059
23.0862809986555
20.786429157864
29.6110830735415
38.8531496748328
48.3745548408478
4.22080885618925
41.5110191330314
26.0003378149122
2.48228727619533
5.55750299245119
40.3587024354595
39.0355799707947
22.9980387259275
20.9372799193434
32.8384109772742
13.3508577011526
13.2546274457127
24.5095957543231
29.9229316524009
27.4486001580954
25.5687507861699
31.2036759220064
42.9411430377513
41.8900149436635
32.8316137372665
30.4183876370947
3.58588937397665
24.9471059069037
21.0216075563602
35.6500570551865
23.1669668573886
41.6220765560865
11.6433167001558
20.908705770353
29.2809047736228
10.2969140767318
10.9937759579871
34.4638289418072
45.4843039624393
22.657495457679
33.724592346698
26.2262361589819
43.732585478574
42.1854909043759
14.4916579127312
33.3475658204406
15.4107743669345
52.6467726565897
34.3503062712271
38.8016296550632
29.0021785534918
7.23626443992973
20.547354209681
37.0070431381464
10.0848229808392
24.8967579885935
42.9078678205523
33.0990248225083
17.2561230137944
22.7581192722496
38.175259064883
43.2717473711818
26.235847780481
4.16971514773671
35.7140251435339
28.9379285648465
20.1210806146264
37.6312794163823
39.9148208346645
35.693581122905
28.6187811754644
42.7865103818476
34.1819956433028
4.96163953992117
28.2076341458954
19.7670945897698
22.952771699056
10.8945191837847
40.0377316400409
19.2907320335507
23.8911322318017
10.557704558596
15.4657853767276
17.5477041397244
9.1874752156463
25.3338793292642
12.2757388278842
6.68421601876616
31.360380910337
40.5567985653435
11.3934288641145
7.48783737075112
28.8614686578512
10.4918544505065
19.8339561466128
20.2651238068938
26.9450040534139
8.02511625429996
42.3599189147353
44.449286069721
37.6150683499873
25.0695500057191
34.2603204771876
45.1714788097888
29.8435626295677
2.10537947714329
22.4773077759892
16.6419855418355
15.0311362017351
26.1437731041033
18.683086991241
10.4487309232354
21.9225009903312
19.4855796425302
21.5627656318247
17.237548250705
29.0777652112153
23.4741586726159
33.6029424638222
30.7635287754238
36.8742810562253
34.5462649594992
25.5557689685906
33.4428376570716
26.1609354987741
12.0212407317013
2.7625089045614
19.7373727336526
23.222351667841
11.5244324784726
32.280205566221
10.3739095386118
33.9894590092285
12.4973875004798
21.0471557357855
38.3232427629087
27.3637379985303
52.5541623588651
37.8241102211177
51.8281918484718
51.8255783710629
44.8131834156811
36.1546771135181
50.9963979478925
39.5768890157342
22.9755141306669
36.9843066204339
28.2015302243655
26.4132821932435
14.4834049502993
29.7171234618872
30.7465762365609
6.80450693904893
35.200411407277
43.6375927645713
2.78612806614581
29.2063552886248
18.8632974866778
44.7796828113496
21.1334862280637
32.3931063516357
2.77454289607704
32.896676125633
33.2704545930028
26.3503912836313
25.0607615802437
44.6028688456863
11.6869347169995
30.9944044798613
18.9993556588888
14.2451772296976
56.5636468119919
9.6350634794731
39.7821155842394
22.6954011246562
14.5212279167026
29.8175485804677
17.9598918650299
4.86819576472044
48.8011109299683
41.2906724028289
27.9604848474264
17.1252391221744
44.3518857571381
12.5566302276036
55.7342518586665
22.6196490044704
20.0421254150569
49.8859749175608
29.4486333274702
7.4930579867214
2.73092309944332
33.7731777542738
37.754744105041
24.7436828936123
11.5124007686973
11.8707353416065
23.0380319228969
50.907601043582
5.41215776483866
13.704064962905
42.6326935645193
26.5836133155972
30.0717657194829
41.4214085787535
36.9771451223642
9.80119235400818
29.769721751774
8.46170596778393
29.6330765355378
1.72195602208376
13.0724985919547
10.2480806410313
31.1227953061461
8.79767183214426
21.2338460944149
6.41484362672819
28.5000506788492
14.2152671236545
13.4881294611114
21.6844944286483
32.6397379394621
20.0641427654773
17.5625079777092
42.0488208997995
43.7275014352053
22.0140719613145
37.0770808774978
20.411603525281
16.922942828387
32.304427260533
5.75144910253584
22.0728943152794
40.5731261707842
25.0960939818251
44.4504801183939
20.9112092386931
12.3990224674344
12.4004854355007
38.0499177146703
47.5138635374606
10.1341143835986
1.19940652512014
50.1446173992008
38.9215064235032
13.2568902336061
21.8724309932441
50.9069318883121
21.4085178026799
33.0321991350502
17.3591967008597
8.82570655085146
34.4855207949877
23.3554259873927
29.570271271382
36.5088840015233
44.6434305389092
46.712076338008
11.6310265380889
20.7796378292137
38.6014804709703
4.79440864173929
43.0465185083449
29.7829821375624
19.8541246820241
13.4501720774336
15.5760636553168
12.3341504484415
13.9079972635955
30.1870679948479
12.3000372201204
40.2773844078183
35.2364675886092
36.5505782421678
41.8029734864831
31.5393174532801
39.1792334616184
1.88767276704311
25.8093053940684
31.1919089406729
29.8287067665918
25.8398904465139
22.1980938222259
24.7704419773072
14.9171926546842
19.6785961743444
8.59374827705324
3.03639788648377
2.37497931929065
37.4014859087765
28.8122125330761
51.0656031779945
25.2445128280669
24.5340907293375
42.1077913604677
35.9305475964795
3.50089226849377
11.7451003045897
14.9437093175948
14.0062671049386
36.4631593933421
31.3325685448945
10.3532658384437
9.23977856353572
41.2729814702177
17.4846096429974
10.1157788791423
12.9914308049553
38.2849768269807
30.6738747749478
26.2925291088234
47.6733667310327
33.1726914271712
12.4308842699975
36.08817582356
38.3211375214159
19.7841535712201
24.2004414089024
58.7788744363934
42.4690935295075
19.5276717007964
23.7566829193383
28.5530688926573
19.1738202236593
17.5721819230773
29.1475294157863
46.3233332615346
41.5067934896797
28.4176040906459
4.47838208638132
53.4070773981512
38.5497976560146
10.6099135242403
26.4666305115802
1.23586500994861
38.7314050458372
31.0376137960702
26.1493318714201
12.422345019877
15.0500712225483
48.7314485479146
46.0525624919683
2.79182107187808
41.6575767565519
54.5222498476505
30.4358044684299
30.8019390329719
43.8984562642872
18.384517758881
16.4294774570437
26.703863684088
26.7430642619729
22.1867487300187
15.8326128157873
44.7136155329645
10.084374231194
30.4942972492427
25.0143259763718
1.69928865507245
22.8715131990612
20.7873400766402
7.88316100316693
22.2577882930636
27.9413821175694
39.7817156277597
9.80395145584209
48.7992245703936
42.0619348064065
31.3866229727864
26.3560485026984
34.7036818500191
37.8319757990539
26.0967773385346
18.3632500662085
38.7943082954735
17.2646582583773
31.4002016093582
31.6052774898708
30.7301583171109
15.609942888841
20.2908527571708
23.231691021701
26.4273156411946
28.4943832550198
51.1418424546719
18.7681855168194
38.9554052148014
28.4341372549534
21.3419960811734
36.7596527561545
45.2661672933778
1.80589450174274
24.1802758537233
34.6969481557608
20.4356335103512
43.7299100682139
21.4267905335873
26.3178877405042
17.4750593025237
52.0519754849374
41.5764580015093
19.8258079347754
27.4470509961247
41.1398153286427
22.2174741793424
7.16608794206094
43.6158791184425
22.5149582605809
38.8659946620722
44.0962232649326
12.1462368958888
29.0921307168901
