"x"
49.6818964835256
51.2994574754114
37.2103285044432
38.7327248452541
43.442573631799
45.6587772379531
27.8859820651826
28.1423871405423
47.8846669662744
56.9354484789073
27.7161837555468
9.37822099224647
46.9265362713486
25.5708216689527
37.0807196303792
14.8211269639432
36.0291683580726
38.8686965219676
21.1965619804522
35.5473221279681
39.1654912662535
53.6808074451983
49.6994591318071
7.45413419790566
19.5825018839264
38.8077245093882
58.9078362099826
19.1398082301021
16.7668387771166
45.871768752113
51.3124091085047
37.3175065137668
11.9146475568414
32.478179782629
40.7666608691216
60.7314508952946
55.1088582724333
24.9060058500618
52.1718920674175
27.4073571898043
23.3536021783948
35.1715300697833
39.6262255739557
28.2543036155403
32.5546336360276
50.9882021812802
39.9051701650023
19.1111654508859
38.5418713558465
34.8071672953665
33.3103594370186
35.0269405171275
39.4538372755051
43.2064093649387
27.8938725770878
33.5736437700689
49.4081057608128
55.3436008282006
41.2869238294661
34.9874821025878
41.9814679771662
51.3503743801266
17.768904613331
34.0294474735856
13.9734122436494
35.7065095100552
21.2192847284369
38.8603656508426
45.5218277405947
26.7374371723848
44.1152079962194
44.353485153988
40.6298067420721
38.3716177195311
41.1324691027403
46.7332125175744
40.8092933241278
49.9282799195498
40.26720947586
51.1906434316188
28.5963366739452
40.6992746982723
62.5048828776926
40.7494195736945
52.88503956981
20.1082426588982
47.446979302913
47.4010380916297
24.9656268861145
48.6761771142483
45.4681578557938
63.0285366903991
46.2746056262404
48.9594896323979
34.8340157885104
35.2708873804659
33.1960794515908
42.766766063869
28.2366312066477
31.3575983978808
38.2544540800154
48.6633575383755
49.8200302943587
39.9348306003958
37.0590037666261
54.1951477061957
39.7507320158184
29.1791603900492
40.8026984588606
36.7595336865634
62.4810708686709
57.942780200392
30.060547683388
49.2393721360713
51.007123477757
33.204468949744
49.4086380582303
37.6401005778462
48.2836697716266
35.9510222449899
43.6157666612417
38.8085928752518
38.727354304865
22.6685133296996
32.2460071183741
52.5464946869761
29.5870483852923
54.9653398338705
23.055325448513
38.8626574113751
40.004723938182
36.5756417158991
33.0479363445193
51.1882665413745
32.1775448974222
47.6962998043746
27.1466674927196
33.8699173182249
34.0648388955742
42.7217416465282
48.3325480664096
23.3145205769688
34.9918801337481
36.5850453265011
42.9702822118998
41.5735327638686
29.6088461820836
52.194041264916
42.0556314825071
35.3550525382161
48.1527958065271
32.9063419470387
55.3224091694941
29.9362466204911
37.0029103010893
49.0834342315793
44.9566845782101
50.456617353484
22.8891145437956
20.9861212006774
59.3745931982994
21.9363823533058
49.9542429111898
23.267465736717
42.067707516253
56.0549500398338
29.1328319348395
40.628517654239
41.5135787393578
28.9437766652554
35.7897105161101
59.4567950349301
35.1609546076007
37.4267579056323
54.7770712058991
46.2403072975576
54.3998592533171
15.2743199374527
56.2758835498244
23.6807427834719
62.8577531315386
37.2238135430962
34.1615210752934
22.2663972061127
45.5958364531398
30.8531303424388
46.9902311917394
59.3276822939515
34.1444247867912
38.0621756892651
26.7398770432919
40.2144151739776
59.8400446586311
44.1610214766115
17.9282505996525
24.7716672252864
28.474515164271
34.9906646180898
48.0608005542308
21.6267145953473
20.7303011324257
43.2355612982064
50.7134600122315
17.0691140915192
42.7085544914007
28.8087814687529
56.6917532123625
38.0638132757764
33.9472926650307
44.896039692685
37.6633253589807
32.9431694680012
42.3960175830871
25.9870846916973
28.8349083941692
37.877083895728
43.5161858797073
31.5437821671367
18.8740442041308
42.1350888442248
24.8781879432499
53.340305481106
33.0551183782518
45.8612414076924
26.662501888359
59.1031791176647
50.5166830960661
32.8647733666003
53.077287832275
45.1106844469905
22.5075480314584
45.9895062725991
52.5385754648596
54.3053052853793
30.6748596020043
20.3131959637623
40.9416570158315
55.8891540393233
61.7344400379807
48.5393296790242
43.8620493281633
16.5501059482633
45.5575158353895
28.6537481937557
45.7112244330347
64.2338336911052
57.6915162615478
44.0416309051216
23.4876684320654
53.155161254108
44.9988191970544
32.8848426695913
43.0792586340779
29.548098007217
36.0213723033667
59.863262064755
31.3504326622933
21.7653014321651
50.7732490193468
54.4708856407106
25.98398886621
22.7058935187029
24.3510124739259
50.2724654041231
30.052477074787
39.7673101630062
29.6818857081234
33.7300504092127
36.5112553816289
35.0325543433428
21.0752458884491
17.1281002927572
50.6262054666877
48.245214484632
36.1665011383593
38.3308642078191
33.9873048011214
41.9885749462992
47.2605200018734
36.89602939412
41.6524437721819
40.5147759030162
23.3731085900217
37.1544999536127
42.4535050767636
48.0044466909021
36.3264044479228
53.9107655519234
53.6695716436952
38.2527315989137
15.0500613780082
36.6085315875317
60.1723842788488
27.1448123133351
47.584978879303
39.1751426737756
39.952819210362
14.6201446186751
35.4745817370713
47.0962557692851
40.3981996343264
45.6078457186651
50.8927289396524
60.8574615325779
50.4143483457089
47.5210753735155
24.0020668599755
35.2518984116614
66.5273595135659
49.6024043764919
19.6299428585917
42.7679504733533
29.373264266178
44.4940236648375
33.1880596466362
46.7725745867938
30.8927697129548
46.815592655912
35.2258611617381
21.6383599676192
26.5062764752656
41.2708714138716
31.0169755893133
22.0702509395778
48.0238124728203
27.9758849396459
49.540445394814
18.7689545886943
24.895655755145
55.8869226506127
49.7246230136915
42.1069858595729
62.4947530217469
45.9262499585748
20.155362971127
38.3563583251089
34.4375186167271
10.2962993551046
50.6918507462928
54.5655291993171
37.347821937874
50.9618763346225
44.5365639403462
27.0725226495415
54.9165362569559
49.7247555293143
27.8253827394423
39.1221569077127
40.2075166348368
40.642898157239
47.2041293047369
46.9968842342496
58.3305033389479
30.7130451779813
45.8111479878426
21.0306398570538
42.2278130062704
23.7024845555425
44.9619906023145
47.3424404393882
35.8905324712396
52.3167067690184
36.4541888702661
36.346897482872
26.2520055286586
33.4184895269573
28.1452989049538
49.2822105996311
57.6859921216965
42.3929534386843
41.5109912864864
37.7514510518669
49.6632315218449
37.1971892658621
34.0184602886438
48.4886740334332
46.3852340821177
34.3757243361324
35.6408851221204
34.7433709073812
36.0663507039745
35.7242711056064
30.9698436874896
36.9249439359544
35.2729169651866
41.2370711099356
53.5729040391743
52.1967148806365
42.336605116725
48.1708975043148
51.1618515259807
24.5422943029553
36.1585618462414
39.3012563697994
46.8287671450526
53.2758928369731
27.1890928128779
45.3957856632769
36.9982316151457
47.3603185266256
0.80872387625277
61.1102878116071
29.8740586587368
39.8650196380913
53.3714719582349
27.0280915558454
36.6994482398294
20.082453095457
40.1365281548351
29.3330941407394
35.9085012813737
49.5820707638216
46.315798163414
41.5155565366149
51.8659353256226
24.4075341949464
30.6993898039812
22.4466312676668
48.4952334780246
46.2965569823535
37.0413103140891
43.4026099308374
17.6138628739864
29.9679511702763
27.0499604288489
39.5080829039216
48.0619152076542
30.3633649367839
29.2760148178786
39.638987602666
28.1129515729845
56.180161004886
35.2169101592153
56.4384440891445
20.064085152434
34.1348471585661
44.4468409288675
61.7514928802848
71.7960644846456
48.0728782247752
26.5617230402875
25.2108432352543
27.6965500666742
25.5220109131187
38.2045905571431
34.3096664175391
25.7648661732674
36.8826940655708
31.0837413650006
68.7679533846676
30.0638915970922
35.8760442119092
40.2553741581208
38.7582359835505
21.9920340059985
68.629965139553
36.6320014231442
39.5377916749567
25.9616537485272
6.75961880543823
29.7901588234748
36.9324969127774
56.2221609055996
44.8384902905673
39.3693883903325
42.5709978211671
47.630998295825
28.6097769298913
23.7875369823401
39.6891652140766
37.3611988034099
59.1253868304193
35.9780720011125
49.7542543049087
19.3642695434391
59.8411602774747
27.1889297291636
29.8784097195455
33.6301906965673
12.316373642534
29.139009071514
58.0027936026454
33.1381990108639
32.0181847549975
47.634441464091
37.2391908728688
15.8792986534536
29.7985746525228
44.3431737832725
40.34769549719
47.1795482560992
43.203285121649
30.1635331939906
30.2671732380986
50.4753012210131
57.5596463866532
27.825558045879
29.3005080511409
35.6773010920733
42.6118079572916
40.7157014589757
21.5144271031022
51.8164557870477
21.1282720838035
33.2453575210454
46.5215481817722
39.9063340388238
46.2236639401137
32.3097563258721
27.2299363413734
42.5391642765988
51.042051659897
33.0196151509881
58.0699296202511
33.2781420184746
36.697760869508
53.5939293913543
42.2587282955647
41.5596572682261
36.435559624806
44.7473561391234
31.2219061540225
51.9822560250759
28.8840159308165
34.8031750880182
45.9051007404923
39.7023650817573
30.3445916157216
31.3758501783013
41.8345368122667
58.4346755407751
43.3798496611416
53.2002123072743
49.0119927290035
53.3703851979226
55.9408817905933
54.8930775839835
33.2364730071276
25.1731534488499
26.018929714337
39.4038653001189
41.8427536729723
19.1842636866351
52.5404795072973
35.5949974618852
35.8096381001235
44.2061332985759
25.4780305083841
42.7001802250743
21.1042902898043
3.37717847357031
42.581321625039
55.8741125743836
33.3479212649402
29.2751003056765
29.5675553381443
22.9893102776259
38.9444927820121
53.8447157479823
46.0129929240793
25.4539432469755
22.2200667019933
52.3677992168814
36.8030906189233
52.098351251334
41.392588801682
40.2438599150628
26.9320250954479
14.3954505201346
31.8063247948885
37.9859460517764
57.6843651942909
16.5360645838073
67.8647056221962
43.3624051511288
49.0618173346518
39.4757685717195
44.0131463110447
46.2651144247502
20.9625211266402
47.1944569144398
52.4132860824466
49.4917192496359
4.61896806955338
44.3712384905666
51.3513456564397
49.0940815303475
13.8840707950294
36.6556407883763
45.3152461443096
50.9729751385748
26.692215912044
25.6134675602275
48.4108016360551
22.0900630480642
44.138229591772
30.0763235801892
63.214026670903
29.6593903563917
40.4336126986891
42.8794641979039
6.57746749930084
61.091077234596
36.9701282121241
48.3463051011796
44.3178383633494
40.5786143150181
29.2009041247291
40.8449253533036
35.1600227492513
24.7331582009792
30.280803097412
17.3993222718832
24.9518716137871
45.8324733684272
30.8496074751019
42.5618961919099
51.1354508809745
44.1403336357325
38.3520526345819
75.3840824547124
53.3041307236999
25.4677703604102
47.7324928157032
18.1271222885698
37.3622997198254
34.2069168109447
59.0715766884387
27.6991925667971
11.1986863010426
51.9681505393237
50.1537879463285
27.96695898287
31.9713369011879
43.2283350059564
65.8704069443047
26.6741191968322
23.0749705903316
36.4912629127502
47.4480144679546
30.1037979487969
41.4087584242225
56.1885619536042
40.0962477084249
57.5878970324993
32.7167896553874
23.77550737001
54.2049217037857
28.5627858713269
39.9048409890383
40.2256773319095
26.0121658687316
13.8440286740661
51.5342629048973
22.1939978655428
37.3527462594211
28.1331476289779
58.1203919369727
23.1225331779569
29.5427173376083
54.0852297563106
46.5590204577893
23.6126104835421
38.406795496121
30.6936725508422
50.9775690268725
29.1414053378853
53.7766210734844
52.8954637236893
45.998841105029
40.5100987758487
29.3678979147405
32.1905455552042
11.0234504565597
14.1554092899889
29.893992561847
58.2947875838727
41.779543177493
24.0874777082354
32.9580283488935
35.0949632003903
55.4747141897678
33.7080914992839
31.1343864974837
46.8884819187224
50.0581213273108
21.6722005978227
56.5585794858634
50.3241825848818
32.8023406676948
32.2123513557017
48.0820659082383
40.9938619006425
14.4237926229835
35.0771094982988
30.8320810087025
47.663334896788
47.7161925751716
49.8875031247735
39.130225777626
37.0594572275877
60.9363519586623
32.9496832564473
42.7938707638532
19.398369943759
43.4183867648244
24.0322922822088
33.9400254254875
33.2865199074149
34.7672960255295
33.1102053169161
25.7374335546046
39.9673013947904
33.4706585212156
43.2706162333488
39.2069852445275
25.3890162333846
42.7363636437804
51.5985712874681
53.8176517002285
37.3455645516515
51.4026839286089
43.8526533078402
46.7672074532759
35.1194306599945
28.6750798113644
40.114779304713
52.0615942776203
38.1943805143237
48.6210285220295
41.3599166087806
49.6989106759429
35.1001447532326
47.8908111806959
34.5517793204635
26.6214482999706
51.0832733474672
33.5551054216921
38.4768883232027
31.0740229673684
32.6693626270989
28.5350263584405
43.9229760880613
72.4127497518645
44.8039790149778
40.057582128793
47.0442362992011
32.4592043180019
36.7676375769212
42.2832742333412
26.4802190009505
47.3201381508261
14.9037120244458
25.6272675469518
43.1703634784784
43.2756973896176
23.511957237497
26.0526104996877
54.7521017491817
45.255624782294
50.9330452419817
41.7313985526562
45.0984626307355
32.6679525016224
52.2362698800862
43.5191615484655
42.4045279246369
19.8010500054806
36.0790668055415
26.2757808024577
39.0665371924622
38.461855519563
27.6821135811089
42.2616272103227
27.4732741992921
34.1059905476868
34.7855117637664
38.2734957151115
27.2061639394678
51.9985436927527
43.1231466121972
24.8394817922837
28.6090526138147
43.5419404879212
25.9752123616636
26.0483102431616
58.8242474477738
21.2460087494216
42.1684163928425
51.9447306636721
21.3199792895466
51.6501469537616
33.4308983762949
56.1868750955909
37.2989723271238
54.3940258678049
38.4303598002888
53.1325952149928
37.4115269881897
11.9016412179917
26.5290532720976
36.3235202074588
49.5725629385561
53.1096818856895
67.2671024687588
33.9637339115143
40.9115701448172
36.6372341755778
47.7340135974797
16.0783796571195
34.8875967320055
6.1593064286947
31.7280185468019
21.8170243315399
34.9648256266416
38.1901412715887
37.9248004931417
41.5812448956254
53.6405689548701
44.262500340119
50.8951414376497
41.7673422023654
53.2334096729755
46.3504041079432
28.1339128036052
29.1612341534346
30.3514823023952
33.0879182445815
39.9039143268432
23.6092618200928
55.3853932302445
22.3918871954083
32.5091389007866
27.4845492094755
17.5343602895737
49.1291312035173
19.1834552679211
20.0341964140534
40.777081111446
43.9321030862629
44.9931575916708
45.0503251515329
49.9723182991147
21.8970782679836
28.2206842675805
39.1787542030215
57.7057476653557
52.4766338576113
52.7096940204501
50.4048841275747
39.2195421007136
64.2744080163538
40.5866182409227
44.1117890179157
40.1742131449282
57.4646729510278
52.2333227563649
41.029599821195
61.4901879802346
47.7395010180771
40.3039428405464
44.3862247746438
25.9327161125839
45.0606079306453
16.6788916103542
9.62525689974427
4.17829351864274
37.9986356943846
35.4807003866881
24.8662925259147
20.2212987467647
54.0669929236174
30.0471151247621
50.0438327901065
53.8794243708253
36.7858283504986
32.2772298473865
25.6017294246703
51.3847555965185
25.4002644670392
57.1687933988869
57.0790108293295
23.1979670468718
52.626576134935
46.3326506316662
21.5478585537491
28.8814542676492
48.7843222450465
15.9329476428206
39.1491334976374
24.4234232231975
25.2067317254841
51.0458667296916
48.0956492945552
44.6669949218631
29.9291777710511
52.6514550670981
43.0193048901856
40.5613775830716
41.0418371204287
27.2732058074325
45.6116025336087
41.1056730896235
22.5956498179585
67.0937467832118
59.6575071103871
52.0247937180102
45.7678893115371
75.1394463661027
20.3754864633083
39.8643641732633
27.4699948882267
54.4502916745842
50.275074178353
21.4337363998116
43.329349393025
53.5351403057575
57.7819596044719
37.987678591162
66.1152813583612
57.5024043675512
58.3105331752449
48.6873891905976
41.0763456020504
37.6430606003851
34.5321241150527
24.692804502564
29.4576230924577
43.396992655471
21.0522678602412
52.1515161264688
47.352730575949
40.1732062034125
55.2443573717028
44.2922615911812
38.398189144209
54.2373152915388
23.5237237376149
31.2042043078691
30.4326650220901
42.4081451259553
52.8961703646928
12.4507452747706
49.3958956096321
44.1999423317611
68.9416594337672
45.5229096114635
30.6017454252182
33.9213045779616
56.1089915689081
50.9660424198955
70.0323137412679
32.6752095483243
24.1454541057235
16.1762407343816
36.1481826286763
38.5433363728225
13.2058890536427
36.3172471988946
32.2149794083089
23.9093493359986
30.904232012108
30.3936845622957
50.7577897515148
39.7445686627179
59.7931826952845
41.1293104448442
35.0061440840364
22.4075781181455
41.9845784083009
35.11697451178
33.7437984533608
20.3151673894136
27.9494666028768
35.7489245943725
50.0901325140148
46.9408638309687
54.3499470222741
49.3019777815789
26.4645693358034
48.7322773784399
37.5097319483757
30.5650221649557
49.3131236236823
42.9907493758947
26.9882819784223
28.4929046955919
33.6364963685496
44.4660446140915
24.4444077368826
31.7767512984574
19.7264674547136
23.0696893762797
17.2982076281608
47.0787897240371
41.5460526011884
39.663653774187
45.5463329330087
46.8978180550039
43.8189368695021
47.5381313594295
38.1707610562444
41.6445448528975
48.2417302206159
32.615421760994
31.2501556240022
25.5551284179091
60.415882078716
39.1545003745705
26.6918421722949
21.5062038041651
40.4233397979087
25.9314852766693
41.2641529511602
16.0298460163176
20.1967382330192
32.6832608319819
25.6223862059414
32.5801430270076
47.3379968199879
35.3739038575441
27.1913576871157
42.5834561215707
30.5380653589964
34.3184620080758
27.3593279998749
35.8457350172102
19.0448653884232
31.4695636045907
23.7037390470505
50.7610866334289
35.5209157641537
25.2448264975101
41.5252989064924
21.7078372836113
29.0370445619473
32.8568128868937
26.511461111116
23.197993542999
19.9245844036341
29.5283574154313
14.0118479728699
50.5221911240369
27.6839749421924
27.6641958563428
43.6302707064897
47.1319699659944
25.9874737821519
49.2616993375123
41.1863860208541
46.893071448475
55.299472482875
41.3654262199998
19.8130479743987
50.9302076563108
39.1142384614795
31.7363364408586
47.4091974087059
26.8740390427411
46.6126623097807
44.7252136655152
37.20179265365
19.373881444335
30.724772810936
34.7452926915139
43.5021334709303
30.6815204676241
39.3075391184539
58.0561024136841
52.4445885326713
48.0226594954729
48.5629026778042
44.019553810358
52.5654272176325
54.7819467727095
28.4540728665888
45.4470060300082
30.4137677885592
32.9782087355852
56.941345334053
54.1168870404363
54.8387784948516
53.0017554294318
54.371135449037
38.8092028908432
24.3637269272904
54.267131853599
45.4306688492865
39.5848353345711
27.3850990759955
41.9682817533612
25.4481954500079
54.5768284704536
53.0813542194664
38.539064116776
47.0909968018532
15.4485682025552
31.5789957530797
13.5494928341359
37.9777574446052
32.2339290942309
41.3055862805812
47.9347946122289
30.6602783335639
11.7586077190936
38.7844910379499
17.0930731575936
34.5886110697367
45.9883862085934
40.7014104537666
27.6080054230988
63.7399369385093
46.4004320558161
34.8272129427642
39.1518720711843
28.2489655073732
47.0796050969511
22.9101983364671
46.5597505681217
21.4625180698931
31.1653628945351
38.0875371396542
60.0476932711899
51.3596991542727
46.2926837615669
59.2510711867362
45.1855253893882
53.0509461183101
48.344618268311
41.7005586903542
34.9844315770743
47.8204197715968
36.688353975647
17.8458407731055
38.4579105302691
29.5991173945367
27.2852799855173
32.6150658566594
33.8767182081938
21.5780519520707
35.4100586846471
53.1692513264716
50.7179588545114
58.3208159077913
35.6673077720105
38.1599118933082
24.2524473762536
28.9356823522478
33.7746961507946
54.4732745271176
40.4155501164496
44.8358127847314
31.9311662577093
23.4244121704251
11.7861640280129
43.7869067769498
34.7375761251897
45.2249781694263
47.2717642311861
37.5488875433803
20.7922972273082
21.8590491916984
42.3526462167501
54.2107563465834
57.3373065330088
40.0092930766491
33.6884892079979
42.0372295659035
51.9498101901263
7.24306274205446
24.8863833490759
28.502630746217
41.3190666837728
42.8327000699937
55.4688449483365
28.1970717478544
52.7729230001569
58.5165045689791
12.1592329638433
42.3158858614116
51.3542225584388
38.7696118559688
30.002811877057
49.3563233874738
55.9297367464751
29.8125283326954
17.859575052463
35.5184663552791
17.8971418338369
44.0819861367345
47.9664731305093
31.9244101643562
43.0093958973885
47.2046229522675
55.7896696962416
43.0784313939512
27.016232483863
38.6760730762035
53.0658192001283
16.22369652614
17.4686956005226
39.7498408332467
46.4976365212351
11.4517773501575
38.62589080818
32.1309205144644
51.9376054406166
43.2549261022359
36.9776932988316
34.6668719314039
29.0059997234493
30.5848224554211
60.3104375302792
42.8423470351845
26.3146713376045
39.7290627006441
57.8814663458616
32.5637940390539
36.8886569514871
41.8265820015222
30.2278692368418
45.0633093249053
50.325628509745
53.0446093529463
28.867648774758
50.9324406739324
43.032518029213
30.8597967574216
61.8956726510078
46.4288414575336
30.1020927453331
55.1151422318071
60.3899104520679
35.2350305300206
43.7205047346652
29.0408416185528
22.0963964238763
41.735846363008
36.9473184292964
48.8021617289633
53.467676974833
43.4074935037643
44.9242523871362
42.3174484632909
61.9666097685695
44.8027967941016
65.8676440827549
24.6664606034756
43.5425330884755
50.8964621703765
46.6476761735976
42.8174981847405
16.7298214044422
43.5902925673872
44.299324659821
61.7449728772044
49.737654812634
49.9582707416266
33.4713594056666
54.139824770391
16.8372416403145
23.6246158368886
38.6365454147592
62.0006892364472
23.8887604163006
39.2268002498895
39.182356139645
69.2768198437989
54.6080755069852
46.6552107678352
32.3113745544106
18.6749240383506
32.2463066317141
37.8631891682744
26.8700181972235
41.4129325666381
17.8671575109542
21.3205291423947
46.6518946923316
42.7444473374635
48.3056804165244
47.644106624648
27.9358511324972
55.6473501658257
46.2122057023017
50.8672382171815
46.1817155126482
50.2731807995588
32.9556074459106
58.7671814952046
38.8810976874083
54.3587347994542
19.1834864359819
42.9509534034878
33.2613101694733
55.316004389897
51.8877427451691
26.6892685554922
31.9050043821335
55.1342442631721
28.6915655713528
41.530440049246
19.9408238753676
37.2156181838363
13.6339762428295
49.2681512143463
33.1042340025306
39.772404031828
41.5558591026969
44.1593163520976
49.8099952470511
43.1024376302958
23.9040635991842
66.3815367501229
18.8952016171984
42.9185027256608
5.32323824696687
54.0272367186844
41.6186490096152
43.8612387515604
27.7159471996129
47.085198414059
28.6675539799035
35.520158234858
28.1885292018636
10.290835170017
30.2966897060423
47.5090046573803
42.0366875827312
24.1607926785946
35.509978281334
40.5943127349019
44.4929033052176
40.2280789924212
29.2254938278347
57.0018137805164
54.610107652843
39.2452638596296
39.0400411129286
48.8686259370297
41.2346820812672
38.3799572009593
51.0683291126043
30.5210605585536
27.5528917554766
44.6522172540426
37.4876157846302
63.9509367756546
24.0331682812969
44.7348377559398
39.7663665004075
34.8832307849079
41.1250989884138
34.5554223284125
34.6805199049413
45.4673757827014
57.8694134036666
19.8386213276535
21.7840410768986
43.5134223196656
37.5033442222485
32.9097860674816
50.3416136372834
29.325842903927
34.6398515946154
37.2909987810999
47.546689491719
26.3016743477179
27.4586468124328
30.436002323404
37.266357941553
32.5693844351918
41.2692765662923
43.5886264778674
35.6840610490621
15.8763980865445
11.5526256151497
42.6682954188436
52.2665237076581
52.7194102294743
48.6233990639448
34.4957393563184
42.719338372713
42.6912984272042
47.5852812174708
33.5978563409299
46.8379894065029
27.0172698885938
58.2897571381181
34.6278784330934
25.58305230923
60.8921366743743
20.9981240997775
59.0238457079977
13.1233054083545
12.6826869789511
29.1592936097239
31.7901276053988
28.7603367585689
38.0765824674269
41.1988618305517
47.8205143925281
43.6418151948601
45.1938355341554
28.5622153896838
35.4353464674205
34.9050885532051
23.4109798446298
48.5297426946328
36.2511127255857
43.8271419104313
33.8769276626408
47.1026772633195
21.9415492351705
48.3765488034875
31.6861891925106
35.5497640109637
36.1462605632498
25.6837993394583
37.7219707855789
53.980442835018
43.2438757736236
25.6530452053994
41.0696919076145
34.8059672839221
46.9555660616606
39.3254429567605
39.3054489977658
51.8457378675685
38.3048057628573
48.4828906236767
18.4051040641273
40.3921142686158
40.471464022994
64.4752104301006
31.5742790233344
39.637690410018
14.5271099961235
40.7608544830064
31.6610016460269
31.5201085526496
46.183678554371
31.1886221636087
33.6931545287371
33.1664642784745
59.5939648803324
53.3056992628771
44.3608874455094
42.3173959493171
43.3738148771226
43.4445999609349
19.8997790348552
47.1386897843331
42.9571813903749
44.3796202314075
43.8373487442732
42.8761137721214
38.2352927234024
46.8034968711436
49.5597855975776
61.2072665244341
45.0024613218631
30.6338202208281
40.6276662833989
43.5508420690894
40.0507235433906
39.2321871127933
39.2785341013223
46.1873116903007
20.1074903830886
37.293353450929
41.4708632312052
36.9181492365897
42.3099859151989
33.6714459117502
62.8372319974005
39.927734201774
46.0610591806471
37.0383012175376
41.010505614342
31.1866908334196
28.9399219676852
27.8420893009752
32.7607210725546
39.8253593593836
41.4690629579127
37.4529771178833
33.3838135004044
46.0954919923097
31.5272862588658
36.785305815218
32.3271784000099
26.9620170035035
33.585241851513
60.8954130671918
57.7787769027054
50.4489796236157
29.4511707965285
24.1415674167156
43.5238569043577
46.1706115864217
30.7057022845152
58.3318523131311
44.0462166443467
27.5262173636908
28.7062301766127
20.5885675735772
49.5627439115196
22.0186764625471
43.3660365641117
26.8978046253324
58.1725718919188
63.5331432335079
41.2786085624248
31.8079523276538
53.0829606577754
29.5209367759526
59.2316384892911
38.9595410320908
43.4008876793087
34.0203881263733
41.5149900752286
47.5303770042956
39.8189653176814
63.5092574171722
28.4966395236552
37.8791221883148
43.2942429091781
70.4509884077025
27.7752676513046
51.5379749966812
18.9362902908824
47.6056889029835
33.9026766829193
45.234518032521
59.4958095811307
26.7133617200283
57.9618276562542
28.9484195087963
44.2421536892653
23.3200488146394
25.2253555692732
37.6153098419309
43.2883694302291
56.9503461476415
54.2195142246783
34.5201428048313
22.3035891551397
42.7286533250244
50.3275451941689
49.9784900806844
56.5120776183903
64.9243388790637
43.0773832369596
31.7624592186571
23.7226162907975
38.9740517362952
32.3155427351594
38.7670817319304
55.6589815061586
61.8128777481616
47.4379810038954
45.7197439391166
25.1318539958447
15.5325115954545
31.6959403455257
39.8231169208884
46.104515530169
47.1204034984112
42.7685850765556
30.8387719343963
46.2019840678419
23.0028491502384
30.6883832368992
22.6349619607428
28.5343901254237
39.0256676357239
50.012544542551
28.8168215692526
30.8805745147661
38.9134491543315
47.3220441956073
41.0676704254001
42.6048268752816
33.3920852281153
33.849992377154
43.7176046170618
25.4375303164124
23.020262690261
50.1902269199491
45.2635985462178
54.8665362875909
61.5349404048175
39.7612947504967
47.0269365236163
49.2120516020805
62.0978128630668
44.3150893319398
45.5251091625541
38.6059945914894
30.1228248514235
34.2057634610683
58.7703633587807
43.8184226863086
43.8280436675996
62.7832790371031
41.5109079801678
30.330324691048
25.967630621539
29.652193794027
33.9460355695337
19.9166280460252
40.2439678553492
27.3060781948348
41.5360033512115
27.6477096136659
64.6927792578936
46.0561472436341
46.3910960219638
59.9441332276911
38.4488821495324
25.6106313318014
27.2483875756616
33.1937543943171
35.333400266245
50.0920126680285
39.6232988219708
60.749402968213
53.8887953385711
40.416758088395
13.4601187892258
17.0941879972816
36.653965478763
42.7580161485821
43.6256559565663
45.7348569761962
44.6395199745893
57.0943494327366
35.6848560273647
38.9259173069149
45.1761634554714
26.0246485006064
48.0097006540745
50.7319958934265
55.5795845575631
30.329497018829
28.6935362964869
29.5764759648591
20.8047630731016
35.6373070273548
34.6620090723321
33.4203329868615
48.5546781215817
39.1204912681133
34.1086784377694
36.6443412844092
29.2642479952947
44.2311213789871
43.4950880240649
38.7212667614222
35.87242718786
49.8027443298222
31.4716433174908
57.8712613321841
48.1868194998663
28.7860329728574
39.9120897520334
32.1895452681929
33.625725004822
14.4808838926741
62.7833637408912
50.4760160576552
39.6750251296908
57.0076804142445
42.0490493997931
49.6184836037033
41.5407520253211
20.035835634917
41.3070298129398
18.5306330677122
38.4794404264539
12.1148869395256
39.9289676453918
44.6190236483212
27.2888536063886
29.7947136219591
41.7134407907724
51.110905688256
49.3393253535032
49.2843911873971
51.0334142483771
38.2773750461638
54.1331220883876
52.1315039135516
46.3990132270975
44.9469159248215
51.8662258516997
44.5847978349775
30.0271719214843
47.8029882535338
29.4903874597915
22.0541580580175
40.2878789696842
30.8274116832763
32.6290230732411
44.3339808302741
27.693389146216
32.6594891492277
17.8687976207584
34.4927147962153
33.2533077780123
58.5171193656291
34.2232316396677
41.2857900373638
30.4267861880362
15.9395759555691
50.1187193673104
43.0850061587989
50.1259083382398
37.7877111081034
11.03606681141
46.6612893622369
11.3189112860709
34.0868794489109
53.8042274769396
47.8306331206113
33.608323475346
25.5823457147926
46.9124582596123
15.888082049787
32.0996580645442
40.8871072084329
46.7364729847759
54.6594617888331
36.1283891368657
23.0395643040538
25.412693573162
43.209411110729
58.8699181098491
39.1857695300132
43.7675690744072
33.2758790347725
16.5407296693084
35.315457591787
28.3048117067665
21.9114278956552
30.6634689681232
35.6145664583892
17.0393470209092
37.0535633992404
49.6612551934577
60.3798479307443
32.3309690666442
31.3312239464237
38.8286326148564
41.7512122541666
32.3182404635486
28.6842251196504
51.3664938877422
11.1349262646458
26.9898217171431
23.1318241916597
49.7263330500573
37.6337307039648
59.290428692475
26.784576445696
43.5643175151199
30.6827471731056
39.5980189088732
18.8054715748876
31.206758811965
60.0383148062974
35.5821697041392
41.7179107200354
24.024630477652
28.2606271561235
58.9700512588024
36.3214829005301
38.0056050606072
45.5042488873005
40.1126505807042
47.4042461719364
9.79188356663834
29.5657017733902
45.5994045827538
42.8169319871813
32.2212585248053
42.5688978750259
50.8272937964648
23.1935407500714
21.9344357959926
29.0282140020281
24.1191261913627
27.1427588071674
25.9941101074219
38.7451857575503
17.7428959868848
37.9549340344965
25.8267273482839
45.3091862611473
27.3979145567864
33.0514235887676
18.3701560272665
38.3642232045531
39.9893813300878
38.9024138916284
48.2675668783486
35.9201532788575
41.3707081073761
44.9179383926094
45.8807702641934
27.6938718743622
68.9382328186184
42.7703985013068
50.9506342863436
27.8672718442976
56.9808100815862
44.2923180758953
53.9047061000019
34.6013224368176
57.4096260592341
56.5000047515802
29.2423279001045
48.5908342991024
40.2779673455016
25.5560421303721
19.8621479328722
35.2895987170784
27.37375064753
45.7031815778464
57.7059711329639
28.6907889257837
46.6833408921957
12.1635548622191
55.1638053264469
33.5527973249555
45.3527836129069
35.9643857179228
26.0034619830549
44.6317122317851
52.6597580406815
33.5254945326596
36.3187765236944
38.5304464492947
51.966098183766
35.6946373774621
45.2562232426732
18.370772851631
21.591603057459
23.8699461333454
55.5526399519295
41.8008292093873
50.5398532375693
38.737618550027
30.6162817869335
31.0034218709916
38.9910472250836
42.4565534573048
58.5238630417734
41.6053576394916
52.2124593146145
0.074152643083436
60.6636659242213
30.8259679935873
27.9348461888731
30.9829446762688
17.1858753543347
59.7497083712369
36.3883323501796
41.233076642834
53.3217116259038
26.9680216442794
67.7962566260248
33.5479728411883
26.070950022653
40.2756663039327
51.6515307345109
23.9227475598454
20.2663601376116
47.3164858296514
35.5693251825869
36.2247342977796
35.9239569865167
53.980256014452
20.5489244312048
54.0674634277821
51.8044320866466
42.5828113041905
13.6784113943577
42.9065828211606
24.5691580465202
30.9187244158238
34.3919939361513
31.3852535095066
29.7239753840634
41.7110272683203
47.0443560741842
27.5794557761401
33.6184923071414
50.9764649439603
53.0579629354179
24.736442277208
40.6285837292671
47.3180193919688
65.7272791489959
36.7000872269273
30.0757221917558
37.317758332938
25.8971444796771
42.1860689297318
19.3857286591083
29.8486794345081
17.6301053091401
27.5342951528728
31.0253877165994
38.2909315619208
26.5132996719331
55.3001000213047
36.2987979365368
39.1127696726471
57.5714941691743
59.1517232824117
35.8051734236383
3.3421496860683
31.8424234166741
43.3225643355399
66.4034319110215
52.1692545153201
47.6176431868225
21.2556080152804
41.2893843623327
45.7521641626954
49.3040836416185
41.4592978544533
44.5199199486524
36.4761083386838
22.2388223773339
41.7970017995685
28.2651407644153
48.6998507161603
50.7581277750432
42.2675387468189
26.1182267218828
23.205684344922
30.0134917721152
34.8724144045264
28.5065768575149
37.2243972029537
22.1331628970802
34.7380877006799
31.6240834072232
42.9697300307453
35.7439829967916
29.9157763662595
57.7485074754804
31.4200980664407
38.7539148330688
55.4219265123683
55.5062850005925
49.4690752588212
46.2989487219602
53.4360284917057
38.3646246511489
39.701265655458
49.0217219572514
50.3320465330034
43.4079321313246
29.836405441165
59.7612041048706
42.1154411975294
25.7974226493388
27.1874377969652
32.8938897495813
50.4844733979553
21.4811973739415
48.3011978678405
30.4749314207584
54.665092099458
21.2609619926521
21.2502486072481
40.5143622709437
21.6034424736061
20.8477417938411
35.5762745719403
23.2493240386248
25.1736322590997
24.111613444984
34.4372526276857
42.0455291401595
42.5840991959831
34.9682344123721
29.1119533590972
51.6928616161598
51.712459077694
33.6167570669204
35.0534796324238
30.0326575413381
52.2853482980281
38.8947545085102
46.5409662833822
