"x"
46.2867912137881
25.7907774299383
44.3470366190825
52.8211210621521
44.3655074341223
18.3939623180777
57.2612356860191
65.3776176271116
18.7117884010861
22.9900218354546
20.8617279538885
18.1435792634544
53.3153515309095
21.2067383058193
53.4617653582245
60.5065507348627
66.7071391828358
65.9778895089403
47.2295817453414
41.003642231226
13.8682382181287
30.4785719839856
51.283644628711
32.3989763927132
33.3749136887491
60.9139758756673
27.8061710530892
29.5819911399526
55.8710788842291
42.85841176752
26.7628903733566
19.6154303848743
47.5980217102915
17.5287070781069
34.4630257459357
26.0868405690417
38.4916622657329
32.4462383193116
25.0110546894558
24.5099822493557
47.0881899353117
12.1550754178315
0.548875945515687
54.6100728912279
18.7843070441667
23.2841779783337
55.4147689022699
50.1001722179353
80.7639241917059
57.7645309720012
49.2361463606358
35.7254206901416
64.5264538703486
33.5723156394471
56.7288598045707
45.6066400045529
28.0328716984058
3.8753000786528
41.1181639647111
74.6366866864264
26.2900459114462
54.9529492389411
49.1241827839985
22.0266756355816
39.0397366136312
35.0570825161412
37.7954672255065
14.8835247382522
84.0751302507158
37.7578366314992
71.1990476120263
44.0230591921136
57.1273409994319
55.0552813103423
46.6596186859533
22.1134833293036
55.4786088410765
27.8895443072543
27.6901916367933
53.1548028811812
45.5893227830529
26.9506473792717
55.7430370012298
25.3164857276904
31.6465958641299
45.6255258430338
22.4451292539015
9.76628420367357
21.0723980969916
43.9439623150975
34.9434554809704
37.6300134685552
62.9833515383602
14.8224381395774
56.739068160671
25.5382696851969
36.9363747071475
50.8782946737483
17.8090325323865
32.0243252536859
13.6076521128416
54.0458647505893
43.8088896917179
53.3225229475647
33.632745151408
45.1293127728556
47.3863610532135
24.4977823924273
40.0386608904228
57.4768292808359
54.3852035321463
62.1995761902301
23.6719084437937
25.9660703022707
14.6876720172099
60.0899209734052
59.4209613511339
42.6581975771114
35.1883207680658
39.3082913942635
17.006498031035
70.9755616961047
43.7594477087259
38.7366588693112
43.4025019872934
49.8426984202532
8.45637890565202
57.3371123056859
50.9718539425016
41.8536178146996
49.2943521821871
35.8093703689778
35.2017951663584
49.1971441078931
32.7650788938627
53.0645363280736
54.9272896489128
17.5638521590874
26.8205064581707
43.3217536239268
70.0015105074272
14.7284298175131
33.8677693976195
64.644440173259
59.9008395569399
44.5148262893781
50.0582984648645
7.24234466906637
80.5731645785272
37.9516726126894
47.8096669306979
34.3937964644283
48.8783709006384
59.8608857486397
33.9777037035674
52.4160864762962
38.1865895793713
41.2370778154582
7.8971202706135
37.3119584284723
33.8210750975234
20.7264930009842
12.6797004794844
47.854754042101
30.5237769847736
48.6816758068172
43.7333836918697
6.20789411477745
43.9024987183003
23.2941369758919
71.925216564326
21.2752615826241
28.1989369075745
61.1407274845988
95.019032433629
64.4903097068891
44.8690240038559
55.8955138782039
27.3773809565132
16.3377323382762
28.1415193035626
56.0817544581369
58.6918128188699
25.8449219400063
34.7784528974444
91.6009481297806
40.7442151040567
49.2219856241718
16.3364862615713
44.5569909091185
53.6720039990278
50.7329385969086
33.5763019043952
69.0317623782903
53.1031754784343
18.2037361431867
31.6232908358028
33.8256958745245
56.4052822301164
31.4811433175728
86.2551076104864
33.816906879656
44.4600826129317
26.0774818669772
38.6850528209346
79.1046516504139
60.0266944352093
4.04246559806504
25.3858360426999
56.7527531180531
37.8551078494638
49.6576624204584
64.0762851107866
8.68468461558223
71.9500861829147
34.8555440548807
56.0607918674691
34.2074638232589
15.0849170750007
40.651259873433
14.0337108168751
58.0877410076787
24.5494643691927
9.85334338588121
37.4841162236407
55.2676344523206
29.248995683156
46.9904079755565
37.9958413308486
68.0906624254523
50.859408499673
25.5286425237846
53.6900720559061
26.9477389985695
26.6796474577859
36.7996402317658
49.1669179173186
24.7872419189662
77.6123884011848
54.3260815786198
30.026051402092
30.7795225409791
44.3368334310316
49.4074620606136
45.7466413266957
50.5811077309772
64.2649132059887
45.1665458735079
16.8850048212335
36.7133176652715
28.2042898004875
35.8662810988382
46.3778163073584
46.9516106750789
56.4312533719384
83.3067286061123
26.370175684109
53.2747880090028
40.0737809250131
43.9382239654678
37.7881559356808
56.0397660825402
55.0361649831757
41.9844412710518
34.3194536631927
33.4059509681538
68.3419093955308
56.6911851754412
26.1931917112324
45.284002445046
34.0055418200791
55.9184092562646
30.7974529685453
43.778175732546
29.1312858229503
13.2133373524994
38.2886127568781
52.116453833878
60.3393384022638
41.2906873505563
15.9727658059738
24.7536103706807
52.6378494920209
58.8556045367924
54.5197233790532
50.912246410735
24.5381842666589
37.655233964324
26.3732628189318
13.6968197767456
42.5264549441636
36.7164877010509
59.5986734779605
16.0806084989335
62.7192927058786
61.000021618951
55.8143347268924
51.9368955865502
40.5008727171713
37.8712288336828
54.2539244983345
23.4610974323004
37.8708219918439
49.711546777289
39.5377600749789
69.8776759207249
63.899650122039
58.1913959467784
51.4539797790349
19.8396622368299
19.9129221979922
23.1123517267406
40.2024082242631
37.379284389317
43.3315566508099
49.2584307678044
41.2726337400792
53.1053551007062
31.5428283764049
32.2975398274139
56.4967032289132
28.3094463801887
28.0558849490873
47.7972903521731
28.2132034282019
35.2335336618125
74.9236773932353
51.5587503556162
49.592201365158
62.9938612924889
45.3388694208115
53.5451558651403
16.3785517718562
44.4602950941771
57.3689071694389
24.4110019644722
42.9351808274636
49.8982361052185
42.5469077175295
44.8614669498056
50.2525490010157
21.1717542314861
15.3777972715672
5.29375956226068
81.6186083480716
26.4015937456861
50.9648114908487
34.2348056557274
41.0538207739592
26.5105762286112
52.6690262602642
38.5481373639777
20.1259579582056
41.873921547085
67.5409657415003
25.1892760241985
25.212304154411
58.720996719785
49.7175449738279
71.8284229980782
38.1444626052648
45.1296946965158
8.22782238060662
47.4194577662274
44.3288626614958
77.6461937930435
58.7913473430484
27.0497684505472
17.6595877390355
63.9875270486305
36.2122655147687
11.2634946034415
41.8328581843525
13.5044191963971
44.8453438408229
41.8257203651592
56.7342508156386
24.8915593139827
57.5306775514036
47.1657972539673
51.66845403146
70.2731988625601
70.2201741747558
33.1947399303317
32.032426398404
53.1921745743603
30.3504793051392
39.3832775065675
42.4897196469828
50.7952399871568
40.971939987503
63.6286378372461
87.8582542296499
32.9378528986126
45.4546082764864
34.9167891545221
36.5116120574188
29.5901096659326
44.4258817937225
46.9344415934756
27.389482769034
60.2656750694698
48.7479997245889
48.3680208446458
67.7526983128886
15.0561491958797
47.2678845221185
56.8769660778344
40.0380506878719
41.0175811266527
48.4520552214235
21.5909151127562
5.58052409354952
27.0275025162846
29.7594128642231
33.6601993069053
35.5106590082869
34.9339810665697
56.0956118395552
56.94395842732
48.775646626018
51.8932085871804
29.1857450734824
28.8548021602235
8.25925588142127
12.0054135732106
36.2055805977434
24.6945396764204
53.1348257395902
62.2104566422973
50.5317299393937
19.222251442261
15.9717259928584
76.5441973228008
6.18246188387275
36.093797441572
47.0132110174745
51.3065907172859
52.7944709530733
44.8067753048645
22.7959000971168
71.0398736642674
29.3678452726454
38.508270168677
53.3070054603741
43.5937813483179
19.3634802721105
28.5336290486664
41.0957180576479
52.8997146058828
66.0024857148528
59.3573123915121
51.0087715694681
36.5924197710336
29.1757418308407
49.6138875139877
44.7529041208327
42.6614044234157
17.8051534574479
11.6743952840233
35.9925742959604
22.0214396393751
20.5788074186479
23.8284992985427
60.275702944013
33.4311952375964
52.5080395464986
26.3837782644995
34.7572160186246
51.7509237164631
28.6477506135455
9.12950194906443
28.86731273029
77.1232370054349
66.9184368867048
49.7240526834503
24.2696801550344
32.9183004408073
17.0647571159171
44.690654380247
23.548028524965
62.2213140595704
45.4026031773537
9.98825146816671
65.7438670078971
12.3663123697042
54.9680007774004
30.6324063800275
74.883939139545
30.1952257286757
58.7312581250444
52.4027296341956
29.769220110029
35.0705029242316
25.9346992790756
39.5501787308604
5.73567340616137
70.2306864783168
1.71005026977086
23.7663283478469
33.6352844489738
36.3122434588149
43.4278214431279
43.0796005530283
50.2136345487088
36.0780861059384
48.189606028609
4.72671187017113
63.3959240745753
39.6374118514359
52.763850800693
21.4374502189457
35.4188429424539
32.9404840478674
48.6723394598812
41.7607956798747
44.6700188343484
54.8503083642572
21.0519909393042
32.3011434171349
41.8852720943645
40.6613064848797
21.0551826981828
45.8504935260862
47.7129145525396
17.6468397723511
45.393060204409
30.2379691042006
44.427378113028
17.9387530311942
33.4399219136685
71.6497596586123
51.1609874200076
43.5958429472521
74.6546421898529
50.4329228773713
46.2535195983946
57.6748340743674
70.3789729624987
11.5542447210203
51.9723160425201
48.4254585346207
50.8880807552487
36.6061388155617
57.0621712217019
54.8608639743179
40.5813629971817
48.1407414888963
38.445973563748
41.2523826118559
26.1303058700014
26.9748724065721
37.1367318280794
81.1260719317943
26.0885676601902
13.8468131675397
64.9707941596669
67.6060980930075
0.547432695582342
24.2346382001415
43.2920134160668
29.132924379511
59.5951511291787
45.0952323619276
40.8641362973433
12.7467799466103
52.8637190381817
34.0374133083969
13.1896895589307
45.9188510896638
58.1493500852957
58.0697087338194
21.448620594083
37.3472274513915
28.547123959288
43.1794171389416
69.7207040386274
5.59385261646672
26.620307003064
7.89089426871634
44.9490480020711
25.269842077978
49.3242721538991
38.4202893124893
59.2698613414541
69.2538136616349
34.4573389441257
19.1829021787271
43.4630954068915
63.9743663370609
62.4128048541024
5.54049995262176
67.811287776567
60.0417112698779
66.9458314077929
47.5411253515631
44.1887166118249
46.5222167316824
25.3589132800698
10.7744422042742
50.8807785110548
15.6254600035027
72.2876334736981
38.5169925168157
12.5512515501192
22.8345072828233
31.7433180520311
46.7457940103486
5.0726254703477
55.6742718676105
42.7569664316252
30.7390555220093
36.4935130113736
9.84582683739325
67.8599871927872
42.4201745074242
32.2384708793834
37.743551353924
52.4862974882126
45.8136621164158
27.097721141763
42.892814730294
35.6824524700642
38.2144952891394
60.2344699669629
41.4117502373653
72.7316520642489
10.9065585304052
61.7296152748168
53.8143637477911
29.2800164083019
59.4330032123253
51.6887480160221
15.97937468905
13.8385232537985
46.3334044441581
40.6608748824868
60.9780108556151
13.7579489969637
50.4994211256533
46.7072836356238
52.64338438258
73.905485146679
20.8053248003125
64.7911623040522
64.5321419221177
31.3894937513396
51.7534298347671
16.9224810088053
53.9302962832153
41.4571070033647
11.0896995523944
64.7776544792578
44.1901902663614
28.3489200985059
52.7943426277488
12.910253574105
26.6127354232594
46.6547098243609
48.3298897510394
6.46961673628539
67.549655190669
41.2597013404593
25.2344736596569
41.735349339433
38.2506486073635
69.0144105814397
17.5521260045358
15.0103160412982
9.10074641459244
44.9855989543721
42.561986669898
50.5186753347516
50.0981377903372
31.8067222600803
51.9619428087026
58.6844279388467
41.5764344256325
19.9564076460165
59.3116296222433
55.7030967788127
8.41909730806947
44.0381370265791
17.4484752700912
22.9398189811036
16.7192327112162
19.999881232177
44.6802709707441
70.4116327688098
55.995150006875
43.4615718433633
43.6242979686317
32.349555962719
51.9020128499365
57.2963250568137
26.6355785719213
15.4282019706443
45.5996954580769
52.2507331554904
59.494390245527
21.9896421942746
51.7073196591809
22.1623467514291
25.7776220315413
50.1420222931012
33.1912591907137
24.0352679119105
26.7059277042918
35.7409416723821
21.7972975457087
54.601935390383
50.7845425951208
26.9787025172263
25.5717088468373
54.8174301737813
30.6119258497873
27.3039931050912
65.2730375993997
22.7401815194928
41.2337876607121
52.1927904104814
69.2333158571273
54.2201516451314
66.7092809686437
33.851247257553
32.6179833384231
6.78433845383923
8.00126334652305
89.78692505043
33.4133034339175
32.8879732405767
31.3437284203246
41.7000037617981
59.1111897713403
22.8427038062364
79.9839175539091
52.0809618523344
12.8282659923525
30.4488337415343
80.6980478501742
23.9498622735386
37.3335082408704
4.54250264447182
14.1176599972959
52.0042023388669
73.1598267098889
25.5629508107826
10.9980773180723
4.46770875714719
51.9170428240952
53.7828628672287
19.7430806234479
53.625902091153
41.8097010813653
61.0435319831595
38.2888128748164
36.3884935592219
36.9739647489041
5.70682931781066
18.4507506307948
83.3159533794969
40.5730632366613
76.421035383828
47.5222952663898
43.8363158598781
52.3257725872099
67.9038978181779
42.0131269138006
62.6095110084862
45.7918944535777
26.5487404307351
28.3787654712796
37.3955595307052
14.0932043781504
44.0200987039134
49.2804236942902
87.6712784869596
21.3911842868176
42.6053933333606
42.51687572932
61.3680458860472
75.2781058460483
48.7761325668544
17.0388848897348
58.4757851902395
1.75255566154553
18.4290757169947
23.948561099686
68.9450465608388
35.1321548223495
17.7615864537049
58.2747300853953
40.9639501303314
22.9237146695398
48.3334644236429
52.3079902399331
32.7313309768215
62.6040156930685
55.7553282240406
22.2833252046257
62.271640682593
26.070998981595
2.87945602558452
49.5796019145364
35.9378153923899
66.7579403237411
29.1175810620189
2.70109694797255
20.4443528517684
61.4115518052131
24.0708605240726
56.5151219721884
35.557157616131
57.9214822659065
75.6952774012461
27.8558732007977
84.0156231767058
48.5011969925836
72.4701065362255
26.1951253283769
50.806759041734
37.5642064260319
30.2981132184796
55.0573044922203
40.1761490385979
39.3320716985486
44.5422893855721
28.211744595319
31.492499448359
14.2937150783837
18.7039554797409
63.9042485738173
32.7227503995023
31.5451791059948
57.492079304675
39.7311009932309
51.9872100558132
61.119621573016
57.5609044053978
74.9642339302227
67.7109515962496
29.6884488513597
72.7620026562363
44.0693442709744
25.7657515495756
30.7751344051212
37.7904251102561
27.0904771517962
31.0684190569665
8.57943578157574
61.6397313773632
39.3081357643062
58.4433741170529
2.83459795173258
10.0864498643205
44.4091576617211
39.8121509235352
61.900006304495
40.3459012974054
40.4324323637411
23.1884338298303
62.7217328175902
23.9629605310477
24.2809919407591
45.8404369885102
30.8431265177205
35.3007850237191
34.2463707794238
54.2863650480285
35.6384576065466
21.5086130119919
58.6414856673601
41.7261849871258
32.2899550904259
66.4531558519229
47.1136507570382
78.0819405103102
24.2097167065367
38.8256699892587
26.0433277842107
41.2590045794304
39.8991449503228
9.70064205258486
61.3952833693475
12.7460613381118
18.2915539586658
25.9506975067779
34.2135347918219
56.6908587701619
57.4959433637559
68.0375729687512
45.7734766881913
24.5367360999808
68.1067840894684
60.265563824214
33.6917235287268
40.6102247536182
50.9420005842803
30.7792576728389
31.2597011681646
40.6704592751339
60.1061847293749
29.3242672691122
65.277691929484
61.6390951909125
25.7438078988343
58.2251905929297
44.3196671351741
22.9809000855312
44.8770735645667
57.1225677849725
62.6674998085946
77.552785391324
30.8268809923902
50.5512007512152
11.112095718272
56.6878169775009
36.2345517380163
45.6460848916322
44.6514344774187
42.9637986878261
41.554503388478
40.1369873574569
35.3284863755107
4.69092791900039
53.8208196172491
65.8516129419379
8.44690379396932
47.2818271256983
46.6366525506601
45.5790323205292
62.7788265002891
64.876065047808
38.5318722110242
17.9710627106233
45.112369232811
32.5358609229443
43.2659241836518
36.253834166564
66.8183082059562
60.8549188356847
48.1423849736166
13.109568762593
22.9101370474794
44.5939953904599
29.6731565147638
36.7859568782327
38.6552178533748
49.3411767762154
14.2923213075846
27.753122895956
34.7930346848443
34.3902620952576
50.0545208808035
72.6458910154179
10.6856108811494
48.9499997813255
36.3283436978236
32.6584504546323
39.6423094787617
78.396269143559
52.8936996823177
52.1718434084461
48.4835664276034
57.260780618526
46.830972008478
62.3566294787452
27.3401680402458
68.094736430794
41.0014097811654
27.0856715046347
33.9361222993252
5.13247037306428
46.6000796528533
1.75049612725983
49.7501646867022
80.3948360262439
72.1329304387549
65.9940775483847
29.3127280869058
34.691614843905
30.2668748656288
37.902900762856
47.5741147063673
58.1225572619587
66.5533342334615
53.1083331210539
34.9808002123609
46.1457531200722
25.1190987881273
12.2735921060666
17.4514893209562
1.85098119650067
49.0234474651515
44.1847913665697
6.72890287823975
49.6382236015052
40.122861857526
63.0426781950518
48.7546943826601
56.6698318580166
42.9360369918868
23.8310660468414
39.0650816028938
24.7658414533362
26.4425493219547
14.1279553296044
34.6214937977493
51.1196913896129
38.5848477249965
22.3535347497091
2.23152546677738
17.8833731682971
54.3600792065263
74.9459432903677
34.114839774684
39.7468378767371
64.414140000008
52.760484139435
26.2123532936472
18.4140116209164
65.8269148087129
27.7168428109608
48.4210368013009
73.4107985626906
53.8916795281693
55.5644379928708
66.19817703031
18.047753195466
31.1245088232681
61.9791701668873
27.9012107290328
33.5822269530209
9.40551508683711
46.0548021364957
76.879652523374
22.0750377746299
26.4499844284728
41.0812895041998
47.0640952543159
28.7625629020252
31.3219991523477
57.8035080106929
40.6450626673177
42.5620893482119
40.4282619478181
2.87933818159728
64.276314410381
23.1518302963642
23.3621275879316
18.2554268605968
24.3196131661534
62.3375157359987
71.2706164063379
74.5950636919588
53.6809845361859
17.9681292716664
53.2232889672741
59.3723106198013
38.0266499938443
59.28069931745
36.4033763296902
56.2583477469161
7.6980531681329
24.4910076728574
39.9015738163143
31.9679437670857
45.8498516818509
55.115962587297
50.3161703363843
28.8417583331466
39.6620094543323
43.1371513288468
33.6952158249915
57.1956699402173
29.3805579654872
41.9740646146238
52.5269150733948
56.2234568875283
12.7828110242262
42.1736294803199
34.0291364584118
19.481477253192
69.8704971786614
22.37612818126
53.9610332748488
51.6702606808394
48.1209636898711
44.2923847585917
32.3498922865838
72.2959832818174
26.4408873295669
47.922401712276
91.2898709764704
40.3504774672911
72.2695326082079
32.9927026759833
46.4352960465476
56.3677523285151
62.1117694303393
60.0374412490055
61.2527873134241
16.8052501070657
36.1208005808294
73.6441708635539
45.9154711936628
39.0070527044095
39.3015023320913
50.0857948791236
35.4111048490529
56.8885695654899
56.2228853115812
43.5536400162642
44.3688064813614
19.7369909612462
36.3083615200594
40.9150666790083
33.4989497203694
24.241197737792
40.6657381498782
42.322624172084
58.9906360260022
45.1120304642245
10.1291864085289
43.3294531423599
76.9490836886689
26.0417253674293
47.8100165259093
19.7519241686777
44.4195554126054
21.8810312915593
16.0584762459621
54.7836985428269
39.0677947551012
33.4610510408143
61.9756940519437
42.563933157362
53.2998498296365
47.8750086156651
33.1155712483451
16.3127739597764
22.462471027924
42.3039012392651
50.5600298279146
11.7422631807404
44.4411741569638
13.8287314989028
35.1264750417426
23.251882092868
53.7115984167634
17.483370743563
32.497443119064
26.2751218476723
14.7888113771836
8.3658813033253
38.4084439370781
3.62335379634078
50.6338524287547
71.6399339726195
42.411421725267
50.7007116312934
43.2277865940705
41.3614702410419
29.9568623528682
61.0169654443396
32.7203890897143
27.7063990943134
5.74111484939618
49.3010987062007
37.4199179699644
29.9323532485178
50.3179473336786
60.3545964695513
5.07456085179001
41.2035908550024
37.1523641282693
45.3157543551136
62.3899277066812
51.4890964608639
36.4421899176127
52.9374219942838
37.0195745943425
32.1087702177465
37.7273737220094
20.6310845911503
54.0657037636265
11.4842703509273
34.2652960214764
36.7343919351697
32.2894663084298
19.3529399810359
37.5627405010164
59.3250137055293
55.5631359340623
31.3587566837668
22.9026878695372
66.6093827225268
23.3492861269042
61.7962046060711
77.6474005775526
37.860341938205
56.3061753753573
30.7080739310703
17.6780777284876
74.9438919592649
71.5833785478026
40.4641006968213
13.1879205398954
48.1433312175795
6.71405819290333
48.1245257891715
52.7456203113569
17.2065846058991
28.3282672608212
67.3092501237988
65.3486090998908
7.65213426512541
71.8934510978424
52.4406140204519
29.3146726442501
21.4104911545292
20.2310381682967
50.8931300137192
52.8284885454923
57.4813218321651
51.3027230976149
51.9724436569959
41.8317028786987
49.2661214154196
25.7453683298081
37.72880025208
24.3398274420546
59.1044493019581
42.1005481249378
41.7771488428116
18.9067489234731
9.64226662181318
33.5723546566442
12.9247853765264
26.6420698491856
32.573232986033
42.6289519993588
27.9039489480952
76.0919234465313
39.1008737264201
38.7696074321866
40.5324132414535
17.8787898760876
28.7889712844584
49.4428490267874
68.175273512602
30.7049826951697
64.1950543038547
44.9234198313206
29.2710455367342
36.2845377085868
31.6724303260106
19.6642026829271
60.8170506544411
29.9972646636888
4.22704605386802
25.394470221363
32.0932741044089
20.4851031303406
71.873894892633
6.47174643818289
13.6695348025659
48.7194166025423
79.0686707245186
62.7351898234338
29.1561682708561
21.5105991479684
39.7471447940916
68.9327350119129
31.8320126539656
35.8993194401561
70.3184440823138
35.9538448043168
20.4753572819754
58.4027637669811
63.5997982230037
40.2504403731585
38.6717515764758
42.2402881931498
1.69642176479101
55.7363339932635
46.169664314948
12.8546594409272
42.5550584681332
5.80345178022981
56.0967572964728
25.164199154824
38.9108805362803
39.0451695537195
47.1919275820255
44.7187075624242
40.0060169347246
78.372774647001
83.8221330195665
32.7016304014251
38.5429236106575
51.0585493770198
17.8552573904672
38.3834289084571
27.9465734492987
31.3106403686106
59.9063572939485
19.0934002865106
42.3377433093265
62.6590991159901
70.5330877332017
14.1210577217862
37.431480246596
55.1789559423923
59.3064007814974
9.42236508708447
38.3851173100993
11.4590416895226
49.6712456457317
33.9783865321433
16.6573415044695
42.078763525933
27.5988670997322
25.6435748655349
26.9289268250332
10.36126167079
40.4263830438349
53.2438793918118
27.8295645257458
1.17001156322658
35.1424634456635
45.9825296271003
30.6492249968469
31.6801745211706
57.5123716844246
35.4000961175188
14.712465249514
45.7405376248062
71.3567187543958
71.2257911916822
91.3871327647939
65.0568252895027
45.3022274421528
47.2153229406103
18.3128675445914
18.4072163421661
35.7293334102335
31.06204729939
27.4772147852149
23.0456918478012
63.3150182115562
39.7342782234773
48.5855855047703
9.36824916702783
42.1694952528924
35.239398968406
50.2790839040157
37.6399625558406
47.2498037852347
7.789550232701
52.5668718014888
34.2158409766853
34.7478952724487
23.9059041487053
32.2526810469437
55.0169127294794
12.1322669608339
46.0495645646006
14.3929264973849
17.2755698417854
36.6987249243453
51.2523162877187
41.6620375122875
19.7338550118729
16.1405949617026
64.0494660940021
51.4463260537013
67.07522214856
71.1149317212403
54.4306965643339
56.5105119952932
44.3859120598063
38.7201513396576
35.1999192265794
4.32806359604001
46.120947226882
49.2536530470945
3.16802581152841
20.2307768199634
52.7879890980329
79.4433546485379
48.4709581593052
67.6010843832046
70.2626307494938
29.334683669731
48.4240647837762
22.9449389332654
54.5786309754476
30.8131156023592
54.3129383353516
74.5221641846001
23.403774108132
43.9783897250891
42.7305105607957
5.04584941081703
54.3040246702731
3.3211276642925
49.3450432084501
48.2973875245079
74.2487100418657
35.5663938447833
74.7549336170778
30.1625375635922
47.6938035812818
61.3763614758719
32.3508469039097
45.1344540920213
59.8596962867305
29.2605556633312
5.42663245851676
89.915309404023
81.1850457452238
31.152138649486
31.0992871876806
25.5673360778019
69.1986799472943
28.7034391598841
42.3017443892792
49.8560691859308
45.4441942507401
74.6554319746792
38.83557531517
8.59363758936524
0.577549100853503
23.3826107578352
60.4687181068584
25.0190121587366
29.2965240302941
62.0004006894305
52.5890779215842
40.2345502283424
43.3233715128154
56.1297470005229
43.9230928430334
63.5808607097715
59.2783152591437
55.6916316336839
62.8688602941111
47.0047909939717
8.37696266826242
43.6877148924395
85.5554985813797
56.1593420337886
60.461656011139
37.0494105955098
50.1287315972149
37.5421072589234
8.30663734949216
17.9171318746523
10.3139980738475
7.4009807780385
22.3698975072409
21.9695541774854
42.3285582102835
28.7974227899051
47.4620041670278
28.6254822509363
12.8712981961342
13.3714897558093
51.2567289406434
16.1512837512419
48.9519262995189
44.7318301303312
35.8669730136171
35.1848925430282
79.4290201971307
32.7174290220832
58.1387772224844
39.8392970811469
30.5312309207116
7.39852318365062
56.2403117772192
52.6803130516782
28.9057170739397
21.3435039027083
33.9075997006148
43.4690309688449
40.3492268873379
45.3560709909091
10.1239036426874
82.6920649216839
54.3929577805102
26.291790115647
52.586487523838
46.0588517133147
17.8465409055044
18.9061863580719
49.470648332499
16.2895525212784
24.2377168033272
40.4462928883731
32.8440067358315
57.0676048995024
55.6109707569703
48.9775611553341
39.2382703721523
46.3565454119816
40.8192511182278
67.8348327638832
43.5185238718987
8.03839126601815
48.9323243033141
54.6932175517777
17.3619480803781
19.9048647242998
18.2734241889601
17.0853324872685
54.4967075111344
52.4179626954719
55.9256486361846
81.0258637992111
42.8100348450243
65.8819417236373
3.66411935538054
14.7490021074191
16.4586246013641
14.8227708879858
73.7275318941101
55.2457005932916
57.9391399864107
20.7844237564132
28.6299693405614
47.458098269999
14.4598635379225
42.7137519931421
32.1158327075017
16.8153635691851
61.4774827379733
44.9593704426661
17.5951172830537
32.6978222932667
26.6801547026262
29.1560705556926
63.7171834940091
8.69769640266895
31.5298320259899
56.2928478000686
58.5635949159041
53.6017364356667
35.4289200156927
9.72383032627952
52.1876322029877
32.5792877934873
31.6444764845073
17.2055583447218
54.9550534318503
38.5107463225722
58.186059538275
29.589108726941
10.5039187408046
50.6695454707369
38.9361024135724
25.1078818987622
34.0046172263101
55.371674336493
79.3084776028991
27.5713319890201
35.6364413621913
63.9483846724033
33.2871786043091
3.51652179379016
85.3652037447318
32.8280864385286
23.2804140394444
52.1600865293294
25.0296599020352
44.4998240796849
33.7704295059666
49.9141887528822
38.2300107507035
28.6629903595895
46.2492421857329
36.9357442599201
15.5354493353458
37.0607538781423
33.8939815526828
15.1813187403604
23.4351296866961
47.6324588991702
60.3061496280134
14.6068511763588
41.7486045152045
63.3961134357378
22.3329366895908
68.3006677776575
0.574623597918533
50.5213460140048
13.2067404280046
41.5024014824742
7.41709397261666
53.5445363726467
24.1591092199087
69.6011079009622
15.0664711774398
12.1224080573325
41.5128228561983
35.6059561055314
46.3090196019039
25.70186087396
51.283121211467
54.4701906645914
21.3955890387297
35.1073047686968
48.9269166486338
38.2592735113576
51.1059111217037
36.257197927754
83.5862759035081
44.8693298734725
26.7517792526633
45.9804682772231
23.2992417644709
21.8207984464243
41.0573899059938
67.7927731303498
72.556172202599
14.9272395065054
68.7185526592657
43.4460632711361
30.2259196294472
29.3038194067776
31.2049986888781
25.0584913243647
35.6359679717571
43.3834288269281
48.7806599871491
50.0875630415976
26.7523740883917
27.9934137593955
29.2842843538646
50.9520028252155
37.1453497326002
30.9166006743908
38.1764852441847
37.2759561287239
64.6664928412065
46.9484779285267
36.2477779621258
17.1897840185697
42.3923209530609
35.6091906549409
69.3474136060104
28.3262666485291
25.7368872771452
17.0885546598583
24.863443756476
48.0568135112282
37.6735536614433
50.4874790087342
48.5861092340201
41.9767227256671
42.9108110954985
16.0602223360911
40.5807748669758
62.0763202663511
29.8197481781244
52.5319629348814
42.8977970033884
77.9345343066258
49.8036940349266
39.1477523837239
65.2093546232209
64.3029240192845
38.3654221390183
73.29569645226
17.2548420494422
61.7228920105845
68.3334046276286
40.3534545854584
21.9643061282113
26.5520237619057
58.8262477191165
64.7588239749894
38.0085933487862
35.2420951473657
19.4420162821189
33.4988568909466
28.9932214189321
46.2120353942737
26.929773716256
54.2386755812913
50.3386187832803
53.7418624859724
42.4150206148624
23.208325356245
66.9091206276789
37.2604286530986
55.7093461509794
48.2202039816715
42.0131345512345
34.0229061168339
41.664100298658
40.2294057654217
33.072811528109
52.6339466683567
41.5853564394638
26.7856860067695
21.4489187579602
56.4845021115616
26.6166407429933
30.7762850308791
53.5545496735722
21.6555833118036
36.2066300120205
19.4964774884284
35.1202259697304
62.5504137016833
37.0680675376207
35.3215978864899
24.8135873351931
29.2415475347034
32.7868959222698
27.6983411516994
33.6560100707995
36.9484396497965
60.9795858850703
74.1814307402819
6.14425085066233
34.2472766142962
44.5195557083935
73.0477693131454
62.2640438843518
24.689415609464
60.5545574566349
52.1784434560686
12.1939134551212
21.0190815618262
36.7171071580902
65.1338109048083
26.6955226224747
27.9147770488635
32.9398306086659
41.4911939296871
16.1828408483416
24.4260286912322
28.9838260510802
11.0736045594597
37.8867768766888
45.3594340011477
35.2684540246728
19.2350501194596
53.8742047967389
51.6790472571166
34.6615986437698
24.8646132006807
24.8327578185126
29.0513762919221
60.1271832128987
80.417143763043
40.5126514270426
56.53821376618
25.2268661046401
48.3257429441437
15.1277779368684
55.3294154803074
60.7003796612844
36.9902581209317
53.547295415774
47.9833607794717
61.155818682164
60.7714811805636
43.5553383082151
80.6072689084687
56.2765390612185
49.6711159286891
25.9902898455039
48.5161194344983
27.5664715108642
32.0407915161923
22.4160551911363
62.4107188211637
45.8980298833922
29.0257288143039
41.318501229398
47.3897641059011
59.064212674275
26.146114943549
17.9854793537917
23.3719747513533
51.1246347567067
33.0619654152542
38.2970895152539
42.8921911085211
0.688977534291712
55.8090002506782
71.4493876090273
7.19367917827108
34.2724452260882
60.9009899911633
56.7103100242093
41.4157693041489
79.217595839873
40.473923772652
59.3008430907503
44.0486371969709
18.956618459375
51.5661807032302
31.1075780958791
24.2428324883804
60.8439488802105
2.64191692695022
35.3509000735357
40.3489316347986
19.3550034658983
25.5471827695146
54.5013051945716
11.290272059299
39.7872263791077
47.9955716058612
17.7004442084581
31.7238515708596
34.8537313984707
36.7720333496946
22.9923336300999
25.0919611891732
31.0093008342234
57.1005253000015
39.4792447099462
53.4817444626242
42.5323791336268
44.288417045027
4.92421439888612
47.4883727283388
38.9290093677118
51.8916522864211
74.0800284883661
19.5136084039959
19.7114144507864
51.9715979088129
53.2364100889175
30.6890356354415
74.6591888135299
1.61130640190095
28.9035723544657
51.2982688145712
67.3429767368361
36.383785167709
34.1529862219485
39.4343420863152
64.832393405959
42.9840842960402
46.3581077987328
40.5935643240809
23.7316182109398
50.4784047603607
32.2708506602794
77.1667439024895
71.7401795089245
54.3994574574754
44.1420770483091
41.3362371968105
50.6365281064063
44.5178432157263
43.5886563034728
21.7898864927913
61.8763299426064
59.2580166645348
46.3808531407267
31.398162106052
62.3764072079211
42.3046121606603
23.8350287312642
19.1523522869477
11.3468812315281
54.1306621162221
39.7921996889636
42.8138678893447
26.2905809308116
32.10272440372
50.6057927296111
50.6190740503371
6.33241964969784
48.0275162262842
80.4649291070031
53.4033119131714
40.5313191201748
55.4462159382259
44.2352122161537
24.0756925195456
42.0766119612381
55.6212855270132
33.278361777775
32.7381101204082
6.81055433516592
36.4980009617284
47.0358489314094
55.7294185739011
46.7365725111898
45.3873549588025
43.7265699187424
71.8485047807917
18.3838604483753
63.4573402348906
38.3881749612663
53.0155318323523
58.9812396383635
45.5992621753409
20.7456261856462
30.5017213144662
54.5479838037863
30.5828147102147
49.5321515249088
37.1153878321514
32.2290860116482
32.3695667088032
25.8189214859158
75.2000374021009
34.5019576605409
23.4112973324955
51.7685775412247
22.0949087524787
65.8531565219164
50.1201615203172
43.6045855599873
26.4245021855459
79.3873618478411
75.1251987414435
41.1617302988921
47.646780917421
7.71006485447288
26.4401171123609
28.1830444212166
42.6491218619049
41.3210180355236
41.4175446610898
67.2685211291537
15.9577572718263
43.7197683017407
9.69893471337855
50.0357472337782
59.1900047160179
72.3446906078607
22.7616853779182
49.3004532298073
51.2832318199798
26.5689676938733
60.2421931223944
24.2997621651739
45.5111619550735
11.4191647153348
11.6925798845899
46.1924470262602
32.4755317007226
37.2497129486874
21.4408529856132
57.3884446684743
32.1016962706095
19.6836098301338
52.9568149941042
36.3605107180774
58.6910097626969
18.4148731644424
39.2635969910771
17.2757257647767
84.2139640124515
40.0644983164966
54.6224988531321
31.7597408546135
53.8538880413398
8.0583484377712
47.10713796432
52.8435184853151
46.7708841199055
60.3735084878281
57.1342907845974
35.0319890254711
68.2930975221097
40.7771877944469
11.4774934017611
63.4537942733467
39.8963361128012
21.7810499249026
46.0966777056456
19.2026599310338
39.4479894312099
9.28013473749161
28.5944623032749
29.9968580163081
54.4299240422876
43.5598192038015
74.1187868867714
29.3062615441158
59.391611488536
34.599527664177
72.552392911166
54.7224829439074
71.9406296766906
34.8023480597732
58.7333873708011
53.5274823429063
