"x"
48.5576861537993
14.2159171868116
27.0088566932827
36.0367423093824
37.6119043328799
36.7322200210765
8.24050348783054
48.1045937282033
77.2367829456925
46.3265260797925
70.9428262431175
50.0074954011288
23.3965614112094
55.7101456914097
77.0038940245286
83.9257667539641
76.6615820878002
29.0222592069767
40.1078408896692
67.3056060448289
56.7341174584313
49.1069507667676
27.1173936198466
50.6460932227815
18.3201400098666
25.4137928481214
64.2410998009531
31.1989219509996
55.782632868334
42.3333186175009
48.3932139961126
82.3317960253917
27.3631749622963
24.1509106922531
74.8381956131198
56.2175436198079
66.789931770837
46.550251939334
54.7691405867226
36.3518963036675
52.5701884995215
47.1506644389592
80.6380724185146
70.7326367448466
64.2813978854389
54.5230002957396
25.2108140382916
61.418940720614
61.107640771661
30.4860676564114
56.1734687886201
56.5162479528226
7.71665755892172
112.446154491045
38.3474012371153
46.794019790832
53.5580351250246
32.1611939347349
58.3398993127048
39.8614651756361
37.1457258006558
33.0383164226077
15.6260753166862
63.8978637475074
2.42603055464236
17.1974160708487
21.3502135337792
79.8286671750247
47.0607394402051
69.7034926443834
66.7753023793921
21.586315438617
72.2129473695531
91.6142331669107
58.5517804906295
27.9784688530461
49.5783002888033
75.9915503906086
41.6705511183315
44.6795515832491
57.1846616920084
54.289151658304
81.1569407349452
41.8530702241696
63.2728604250588
19.7133296294155
35.5408406932838
24.4428415857654
29.7524772235192
60.9343061341074
41.3680071942508
37.7460287767462
87.0413130731322
54.2754496447742
53.124115022365
64.1533375601284
70.1016136212274
42.2977876034565
17.402369400952
35.4511943583961
29.8038261115435
69.2607835982926
36.1633619526401
83.3876469056122
65.7264000503346
92.7219138597138
75.783661162929
58.2362041575834
67.7687810733914
40.0389634654857
26.2402764683851
28.3631310099736
47.0626984606497
16.2601529923236
46.2550970143639
1.09223060489277
75.5324310739525
43.1903007556684
26.8041564089635
2.39637551130727
33.2837896305136
77.5260031382705
43.6977055696538
86.8813286884688
43.8903388512351
83.5263564251363
24.3992845671272
41.3936981507647
54.0938743739389
6.70732266342944
41.6402931325138
25.2248232718557
29.9644118563578
39.4726637168787
4.16025423910469
72.7616825421345
43.2571132900193
42.1728551504202
47.8207158182751
67.3245258280076
42.817000269916
61.2659473567463
80.2932333317585
17.3398638516887
65.0314456783235
46.6681378392811
61.2696647876874
61.3188408485063
42.2150194574523
54.3243048829027
50.1020542928018
31.4250331255607
58.5280361739058
94.0507460385561
32.512236747425
83.0502183409408
56.7584914424334
60.14361649286
29.5807149028406
60.4890327453093
58.5433631142668
77.9687598580495
48.091108221637
22.134136268869
30.9829104422839
63.021705520805
38.9821339631453
44.2029098863713
10.9497844521829
40.3183382819407
19.4237628618752
4.83117088442668
71.5723306871951
64.9744739639573
55.5337177007459
51.0974598350003
48.728543438483
40.5860004364513
38.9387755975937
76.075333612971
20.588345057331
13.5209208470769
45.728106435854
59.5053519587964
36.5008833202055
59.5243867253885
86.3983073271811
86.251554347109
59.7748381202109
30.7158120092936
58.5481604328379
31.8954462631632
42.851417826023
63.1569086574018
51.5616455115378
70.1483376504374
50.4761743824929
41.2893277279843
14.8816110802114
9.69074927270412
64.9676154600456
57.9427150660194
31.2440390465781
64.2131490413295
50.3928935462537
29.7777336440049
42.5058603021519
21.8991040040263
53.2985645812005
31.0845172847621
59.5178142539226
25.7872531590122
33.7660688464066
71.3427798706107
59.8074265057221
65.2138762758113
26.9606977119111
71.3414016679759
51.2145668966696
55.1547880284488
73.9010100000535
42.7941444329917
65.9803867572919
39.6103370003402
53.177171270363
69.4825195358135
40.4789089108817
55.3225587704219
78.8998407481069
40.1189498641767
26.7974878428504
93.883171491657
55.8115519232095
32.5361735885963
45.0967349577695
40.9187923418358
41.8040436598014
19.9389746412635
43.221609655302
0.0156396185047925
71.0348749067634
42.3752697184682
62.4416353879496
84.7351129166782
31.0116914758995
57.9521825769916
45.5800895864074
33.7748153894941
54.1512098554688
32.7773488126695
64.262564380394
66.9984239037149
35.6308584450744
28.888257406652
31.2888328684494
32.5532371760346
60.686619456552
58.0895365797915
68.3266541920602
70.5497804351779
47.2742200247012
0.859943366281176
62.3625196283683
23.1301027932204
20.6396781389939
39.8909885319881
43.2470450870964
57.6461266377009
25.3532175306732
52.413891244214
54.5128203113563
56.6211143741384
21.7190163210034
42.5113699864596
0.75310020474717
2.46528537245467
80.7719591539353
63.200640573632
36.4581495174207
57.9114448744804
29.9910759144097
85.7502971630616
73.5890064388514
45.8311587921344
50.264858535421
41.7856593522477
60.4638288379647
23.3687189640477
19.9371957802214
66.0746572655626
61.9096729787998
55.663396907039
89.051523595117
33.8505989406258
73.4402203466743
68.337779387366
31.9013543186906
70.0320171192288
32.9037105315365
81.8653942085803
52.4055920657702
9.96612924435879
46.2670057429932
60.2592152032589
63.5832068510354
78.4579931221051
50.2358908299357
81.8723654956557
39.4806793075986
57.3449325165711
23.8297789008357
40.8082227548463
54.2994111082472
49.8708087136038
32.4378353022597
58.3054108079523
85.9102382673882
9.72527985815919
33.7216971154121
55.7300142711028
22.0442980411462
6.02426434450031
38.6654102359898
53.2318795589141
0.490061160549653
32.8334753052332
66.1312145995907
67.7963624242693
56.1202609714105
28.2965332851745
74.2905596563512
26.8586744959627
51.8912423178087
10.8639840598548
80.0601933267899
41.1205246204276
64.7527892346663
64.3957676618385
31.1491061002016
15.4454914161853
59.0390582801774
74.7673117206432
25.7107902847795
62.6641414128244
42.2110998886637
25.0619361060672
75.4362927167676
87.9236671025865
42.4559305253445
31.690686289221
40.3947747894563
41.5969575056806
27.1753107896075
58.28640635591
42.8203980554827
59.841193491593
42.1567479381338
84.4300669734366
55.1811731769703
81.3081764383242
21.1332582985051
56.2990735401399
44.8338666159592
54.8500205885221
39.8088358575478
10.4266766924411
36.3142747897655
15.1421752409078
60.673406385076
47.6912429439835
31.8429137957056
52.970634738449
41.8049472616985
16.8593296315521
39.1576756495119
50.6478526862338
31.8300244119031
67.8489245125093
50.4886026336694
63.3863307186402
43.9867845037952
46.2740458233931
56.1361409570572
44.3608004483394
62.9866191186011
1.39295890629491
39.9968517478555
26.7499653855339
12.2621738701127
70.2788555412553
4.34851758470468
64.2839403823018
4.40809413534641
56.7476679221727
72.5609491113573
72.2974531886674
39.6721133263782
34.6100238604409
8.94555595004931
38.4258883772418
15.7669907168972
97.6413343916647
49.5390412188727
49.6885658885159
62.9081384162419
78.7708218803864
45.4314654460177
18.4575817198493
61.4085059773247
29.1366167715751
31.0540552367456
74.6778958593495
22.8356038120528
21.0008500368081
49.6721727889962
47.3609409062192
7.28031661128625
45.0811409807719
68.8180412151781
43.3772493619472
78.8395779039076
52.328497623179
38.2795840851031
79.4639090946246
49.7248202918208
42.2669325661561
73.8583882106468
52.2826705593616
24.2197258273964
63.8021790306084
51.0472652153112
48.3008923358284
64.1692549805157
73.2227663393132
87.3623995692469
48.4279501655584
27.8998940484598
74.3353671976365
39.9158267420717
55.1649686664974
49.9872015876606
39.0010536877519
39.3458190178872
50.6141854450107
33.4327699965797
55.6619438459165
55.8242408558726
42.9302918876094
58.4675382357091
51.5863829175942
39.1285011661239
25.194390641991
89.0022029634565
55.0175621290691
49.2839603452012
50.8519381637121
32.3635592008941
68.934462162039
14.8596216697753
68.8359638908878
65.5753592727706
26.7754738568328
57.455074810423
80.686599900946
47.2685382468626
52.7343415422365
74.5928652467494
99.1253626416437
4.5773050368404
51.1854523792863
43.7080212752335
20.0117823667824
30.4565937607549
22.0670065726154
62.7649965346791
62.5133961847697
23.5904328990728
62.1743300566285
61.8065863964148
20.0185856199823
99.8412664863281
38.2560154190287
38.3477626484819
67.8774259052087
61.4440910401754
61.8825029261833
63.2010259530983
49.2446107557043
35.8495655353181
32.8401746577583
89.0011940267868
63.3809443446808
23.5751938074827
23.0049462406896
46.2632500868217
42.4308824934997
67.6030513481237
27.2150839678943
35.1424040971324
46.2381505290978
57.0342360064387
60.6867269962095
26.1131693659818
48.0972841731273
82.5239584807638
69.0442384033782
65.1726678013802
74.1218580747955
59.1159529285505
42.0771919656545
56.7744109779596
50.2899287152104
22.5756795844063
33.4809387568384
14.7466190974228
21.7642281902954
63.0775019759312
57.6394124538638
63.2083519594744
65.4844473232515
61.2970618731853
51.1968320701271
78.6932009970769
53.9550686138682
31.0935127199627
29.5438700585176
58.7707742699422
49.2516578291543
19.3886612340493
6.86727927757344
5.07152891950682
51.7185869510286
24.6360134216957
35.9376431294899
74.8896582618132
52.7755127754062
63.8895682990551
50.6632858887315
41.1741912015714
92.2989008831792
54.0578941814601
24.3778044825355
64.1630338970572
61.6824865341187
67.256588395685
46.9177874969319
40.297630741247
54.7353837057017
60.4349006083794
55.9154834570234
37.7211759798229
38.0577003206705
64.7317522088997
64.7397705703042
36.4519287599251
1.65052951023621
36.1562183126807
70.5762508092448
38.6554764350876
35.1006612880155
43.2760546028058
59.8222919623367
39.4837418920361
2.03680664999411
71.4491739985533
54.9369867891073
26.0391254560091
45.9539619254768
23.3234520853959
24.0546661546498
65.2863252280825
41.4939611335285
28.9663722971454
76.5504439915084
53.7652094033547
41.5045123081654
20.3963772743009
21.2063068291172
26.4942367328331
62.9294825484976
21.6963160200976
61.2625983194448
20.8464231129736
62.8015367314219
41.1946454551071
24.6490041841753
45.0170682393946
42.7993429251677
66.3553787162527
42.0339340809733
95.1632498414256
11.4297734107822
31.7910019861584
48.7122209215091
59.2949043610133
4.69576249628776
67.7371259247406
22.1956797492819
74.1935033351183
41.7244891053997
49.1487497724396
21.5922675205063
50.8067126618698
47.5533514283597
41.2805996718816
63.4133302720475
24.5873567643187
63.2073528831825
7.01092188246548
12.5865926849656
26.5115108946328
43.8898604509646
49.9495425419653
33.2643229308244
48.4936037217267
94.1431256360374
13.906067014962
43.3890762501241
99.4379604118876
29.184996057935
19.046989956405
55.2435018471442
34.6438926169635
52.5755962347074
50.4674570751376
52.6352006592788
48.5289975884371
24.4015836223026
48.6585606704466
37.9336414509453
31.578653329052
23.8145050672277
53.9091969956644
31.822934942968
52.7615252998658
14.607478491962
40.3444806695916
19.2606963776691
66.9478984316811
42.6935061783043
33.5770366131328
54.5578949627432
49.381037745357
37.2212289948948
64.412305133659
57.3516532196663
32.011349441018
80.1308250869624
34.7428263863549
51.0228551401538
32.7131443074904
78.4537162166089
25.9951101150364
29.9420837332207
13.3145231741701
8.82649400737137
39.5841107602771
66.7591497767717
73.105191194918
36.3448111573234
65.160439547617
33.33717265632
75.9567177505232
57.6047819162685
51.3559009769406
47.5056245923042
29.0628208080307
24.6222886827624
74.0059377327422
40.236335265305
39.4954335293733
59.2183790286072
19.959351692062
52.1639900919572
76.3098956202157
28.4948219480298
59.943027193347
30.7128144725508
59.4349359860644
67.956542794127
89.3778631463647
49.5874837972224
115.362898155581
18.7977079446273
33.216233832878
56.078617577441
23.5121087900553
33.2956810016185
16.8740848586656
69.3262543063611
44.4487800356001
35.0501013291873
28.6192392033254
24.0753211313859
73.0864564798473
44.1128482925706
68.3892895671094
15.9629415358874
60.1352569297887
80.8032762125253
75.5971554084681
24.965047952719
33.9178842841648
44.8202596628107
68.4402805403806
48.8658692454919
25.3714505117387
21.3034453219734
77.2435148945078
41.8683762196451
42.4802300170995
30.1841124892235
14.2347689252347
54.3257937294555
30.5784042226151
21.5244251070544
106.826011429075
17.4467640711411
48.9651836222038
23.9873828945092
44.801504457372
80.3099408103702
65.4629693832248
91.9501583847306
7.53141161985695
36.5492936340161
84.3474391358979
28.7060264180073
43.6071449657902
35.0342456949875
33.7581321014745
39.3257292569615
62.1337280608714
79.2764552170411
52.5216025882401
53.2377624785868
51.8058994552121
90.1399869821034
64.2215388594195
43.4177711722559
48.7982020364143
57.3318808134071
54.4309801538475
52.9486466664821
17.0164516544901
19.1569752176292
55.1787834614515
23.4820624344657
29.6889276592992
24.9739268561825
33.838132082019
54.5873227179982
51.5842814347707
17.9184174828344
44.7105766506866
35.1261096680901
50.5482657230459
31.2462687038333
44.3351967358842
57.8664549859241
97.8895698091947
70.5231803003699
55.945539979925
27.8416167711839
41.056380885009
92.773902703072
59.3979550874792
48.7098934825878
55.6144752539694
56.4998792538664
69.8500132969791
78.1074776081368
51.1345136333629
56.1391429971274
31.2717326916754
62.3012978668579
63.3135063605096
19.0726721927841
21.7002457473427
63.9085649279878
40.3304697185227
82.5323777040467
25.3626059973612
54.9053320428357
25.9794870346885
60.5228334199637
45.7008475413993
53.3619787078351
45.1042973726812
71.16171956486
24.7088632779196
29.3384977563806
74.1509990089182
37.638489541132
54.1121979709715
30.0884759519249
23.9854668928121
35.7350983285677
49.6386015710904
46.5262754936703
55.0506027066149
27.7083783759736
69.3720974028111
72.8795452509075
61.1987254815176
70.6164249219
42.0559009653516
72.481409762986
13.4549589447379
36.4453178871039
53.5826427163556
3.46904648467898
92.6323456107639
34.2546158400219
72.860653811594
69.999465404544
48.9550143131055
44.0213100123079
70.4301452729851
56.3777470736923
23.1557277962565
51.2577817542478
75.84776445504
28.6098243006889
37.3902757186443
4.39889859246555
67.0730586194642
14.3735757219331
21.5907747614122
34.0208676178008
54.4129581539892
67.033387417905
88.97403862793
68.9502546330914
27.9941199813038
28.1837394538209
40.8459414205293
91.3076414261013
21.5511853573844
81.7208952619694
70.7086282549426
52.4052905500866
39.5194009032797
78.1630345620215
80.4029058315791
60.0649830271436
37.199630874712
3.4665925746841
44.3158438224107
54.4452089214473
64.9431379279122
45.826886233408
8.13265222823247
25.6715705849402
36.1547196982428
49.2401306916371
75.6022582761943
32.2177520576542
12.7674266696341
40.778527490329
63.5140473837964
51.3455259962939
87.9299147520214
67.2206804484307
50.3269692603273
68.8038796070032
62.546155473683
46.2205012678169
82.1036739042029
47.8534753317945
20.1654626289383
55.821005969997
34.4375040265732
58.986459847074
39.4575797208241
49.5939732284389
74.9423753120936
16.8891566842239
33.1646362552419
43.649865174666
18.7149984433789
58.300923765637
46.5734392288141
7.23405856406316
34.6121544600464
62.8099691904996
60.7949588214979
53.2852925127372
43.1166522088461
37.6477549551055
9.2720013577491
47.3467224044725
31.7273914231919
43.9190131495707
15.1584944085014
44.9201415958158
44.7499008150771
43.7729631655382
26.1993447626662
49.2902072612196
48.2968459953554
48.1243582442403
24.0180791937746
59.0001429547556
28.8585991016589
56.3688807771541
76.1566655128263
78.6971215973608
52.9348701778032
3.74673768962247
7.86774610748816
29.0191023377702
80.6035377085209
23.1640144842852
34.7152327303775
34.1308673843741
38.3542004972696
61.5297681069933
28.109841594699
40.7318249926902
37.6794577602509
41.6638767113909
50.9533580325605
72.6698744227178
57.0897395007672
24.5693958131596
53.3915113274408
34.4195581650429
4.08716948545821
17.2445140429772
57.8878453234211
48.0779830133542
27.8442797251046
49.6626015674674
37.1068896842189
42.7565073337984
51.6765288542956
28.4997815033421
58.7265589556701
58.7798333493993
44.5793865248561
46.9936503912322
33.5873911042575
75.252237146148
45.8652043133043
18.0737176211551
29.9374107236717
38.6131603387184
30.0220403121784
48.5086627502519
42.3594861058518
40.1381007305675
92.0452656457201
56.7110474570654
62.6713074627332
77.5629439507611
37.1684465709733
86.5572577575222
56.8834147474394
22.6799387355613
66.546358098276
63.7465844280086
54.8275238292191
48.3849188894965
42.4316578777507
17.3668453935534
56.9254520918494
50.566107139457
39.7707608644851
67.0717636821792
73.4114595805295
21.4799068053253
26.1930416338146
4.51257670065388
29.8054251755327
73.4604876549237
42.6905887528637
52.155901142396
65.8371376027162
73.0011350526403
23.3691983239978
19.9818543274887
13.3967637363967
103.522872482426
40.9284794331159
78.0895457370207
54.1258365941558
54.6117977014282
31.1846237513237
42.4699255963787
54.6791046625003
47.6605211195759
51.4775543614487
40.0877468287945
41.5960172656924
43.467802311515
76.2064370326698
8.15964661203468
54.7858122852631
54.8743504914455
39.790515601635
37.6607792102732
23.0315267224796
96.0635724983796
66.4729807525873
93.853718333412
24.2516341386363
77.4721890338697
61.7678893031552
40.792028288592
51.9551357836463
53.0732853080882
53.480256286284
76.6790000372566
46.9463021610864
69.0638998947699
58.0365763278678
57.0778406390902
25.6423433757846
91.5091549511999
70.6977943889797
31.5730694215745
80.4038271657191
58.1100971787237
79.9406769103371
39.8689219844528
67.434907547285
64.4719513586302
82.3962764581665
71.0816223872826
21.9887832258688
65.8732850797902
51.6179402009584
59.7728870842671
63.4725029262214
72.6616431260481
25.1869353000075
15.7194575760514
39.6112254122272
85.9248900553212
7.40502970652646
63.9145933673717
70.1778630442589
63.1869879172265
75.072741729673
41.1720510106534
18.7619508826174
49.6405846205614
37.0312536600977
18.9602738828398
74.2958737770095
53.8154822489387
62.9523299401626
45.1641728519462
8.18523550406098
55.7997676414898
59.1617185273208
50.3965916810557
57.1825447259471
33.7175682652742
34.6136983269849
12.4553897754995
59.3125953455456
51.8025664966869
3.29012257960047
58.9624766024738
56.2241377658211
19.2285907338373
68.7443822505884
31.9134840508923
24.3832238949835
59.5918867969885
7.60725365253165
30.7035886449739
69.4077309337445
48.8002215395682
68.5530609334819
63.6391711770557
34.9540294031613
72.4886992713436
69.9007007642649
57.8243281925097
44.0341346897185
22.8990243515
52.4109178106301
75.9979956550524
3.50625548459745
37.1024666936137
46.1047751479782
49.2968464996025
25.5480501218699
60.7230927112469
33.872031327337
30.9819017187692
33.5033833398484
24.9584362027235
63.6318522505462
13.5328433221534
61.6042407695204
38.9818809344433
79.110632764129
34.1018638573587
20.3712786135047
53.8794987235027
5.56988952448592
42.6455143955536
90.6979067949578
45.8302315091714
24.0221314830706
70.7893995800987
49.6372027555481
31.2322009285741
43.6197277856991
19.5853172801435
32.9122603514371
84.9511916865595
28.4309945302084
36.6902143228799
23.5612038057297
41.3621390471235
51.7814408289269
54.9388261162676
51.5461374559389
40.997957973741
51.3631137245332
58.9668211513612
39.5401666406542
82.185688481392
63.8336060103029
30.8194708195515
71.3946976116858
31.6575003223503
77.7079721796326
49.3095180368982
67.2610339592211
45.2573377755471
61.8633382488042
45.1410572608459
51.4206044511254
29.5037885545753
33.0326438532211
61.488378723152
59.6852463237458
26.8654310610145
35.6374078546651
25.4008606507772
72.9552166757983
23.6134171573824
41.2852560019678
53.0481072591649
54.2684667530709
89.3508962650779
32.9279958765264
70.6821831292473
33.1188921700232
53.2237146981061
32.2311664136646
67.2438011155464
27.7472739508924
66.0363768343814
70.623779296875
60.8960812492587
42.3468486549274
31.33953101933
65.5327415792271
65.5259637721547
62.4774539843202
38.7652897085716
56.5968960640021
45.7058821222745
36.1960940877907
41.269172415899
45.3659101505764
68.9337893966548
49.9022030155174
66.789438402024
57.6820469631727
61.8435493670404
51.6565576777793
92.5287671503611
27.402806692453
14.2699879128486
27.6646558989666
56.1527391779236
86.9642966776155
71.6922319843434
33.0581207783334
53.7225725614172
66.5174118592404
23.6715129110962
70.7442191206961
50.7273927680217
75.0204527658407
67.4693436478265
79.4566242720872
3.59010149362577
60.1315382635221
64.5219048874081
50.1226313974551
49.1893148166128
48.4812591806985
4.0517617932997
85.4558133054525
12.9672902985476
53.9503159932792
52.8518978622742
51.9415451679379
37.4393724952824
93.5422691749409
21.7440554872155
62.3371606925502
38.3927020942792
57.9407911855826
76.5250063617714
4.06470302259549
38.6926597566344
61.4324861904606
50.4670617429037
51.1319983750582
40.1059291209094
48.5915987635963
58.1755510579788
33.8507911772467
31.902138912119
49.6512559941038
51.9077142933384
34.4840882811695
59.2144960770383
24.1212839924649
65.9531806712039
36.5262994775549
71.5327216312289
54.2819129186682
23.9350730669685
41.7022816044204
52.7059994754381
59.0338841895573
50.45833052136
56.3995744002301
61.7851518909447
31.9475953350775
88.3079729625024
87.3219490400515
28.7905175122432
73.0431566247717
12.6131621686083
57.5383550720289
3.96406641171912
25.2589356514319
36.66628969829
59.6866857326946
44.328972697258
61.7230799980462
74.9203738756478
64.3690000666598
48.7692860331255
42.2464878880419
15.0795091991313
30.2106677671795
29.1407137177885
42.4867227906361
50.2490833634511
24.5905707928433
40.9481115805155
67.3778125317767
38.7424035694628
61.1961518385469
49.9004921177402
56.7148533998989
55.7611896074377
62.4155286617516
56.6423433749286
76.6378842177801
41.1335671070029
8.86174933984876
55.7378926314414
44.2905666073784
20.6163255462063
53.5176940799739
83.213909559384
60.8570915064774
56.2169627519324
36.5647054859437
54.2410361114889
21.1038474488353
51.5180213645258
74.120810621629
68.7881071586162
45.6607293337584
7.52292574616149
39.1649782890454
51.6187199042179
55.8552994159982
41.2557579576969
30.2896584893494
97.7871358045377
50.9789361385629
57.0795523343019
77.8471258236095
45.9417443955317
75.7758413441479
27.531034022104
53.0034376890399
63.9245655375838
37.4571935425014
71.8500047107227
31.2868408538616
37.9361969185993
38.8121727504767
45.8952746192365
56.7088063806295
91.5913957171142
36.8888050201349
36.5164095186628
61.8814937357433
49.8162824544124
45.7523411256261
83.1351938541047
44.1204476286657
82.033774338197
40.1203064480796
45.6013264463028
94.2649925709702
53.8816147483885
30.2962229470722
22.1928278449923
50.7535983924754
43.2227378119578
70.0285000610165
43.4768180712126
24.8252149205655
37.3873058706522
49.8868090100586
56.4312710235217
33.1913027649079
31.4267689648946
52.3440510968991
67.7657097694464
40.5432657222264
63.4036488831043
11.0881739100053
53.1162254163064
12.3528230120428
63.6053473921493
11.8488538078964
26.9402907287496
37.6817454336854
57.0578267564997
43.7984315678477
61.8109922106981
74.6244380265327
15.5948853935115
9.1005754988506
40.2083064080216
69.8896970716305
75.6272188038565
30.6275184918663
34.4872129615396
68.2743286713958
21.2384139304049
25.0714873080142
31.1787107003294
61.360948253423
46.9593882007125
6.08453653985634
16.9864274142723
41.9139216589879
46.7485774316484
63.5886664036661
41.2877614842728
35.2736138622276
39.9214860644386
60.0995498127304
50.4993915790692
47.4670779833542
39.6091959477511
61.2044370963391
29.9920642053752
48.006759386044
50.006302012887
42.1464405022562
90.179096988868
61.2806125776842
36.9080160151466
41.9820375090082
22.8874587803148
67.4357155221514
18.4596213512123
29.9359318334609
58.6188734392636
37.458031589631
54.5018651871942
58.4117042133585
51.5656185918488
99.9190321890637
73.8004576764069
60.7031293679029
65.2642046217807
13.5733687668107
24.700531095732
38.2217689417303
67.2658205457843
29.2314678197727
54.5193900121376
108.862258726731
30.8693466475233
32.6633295160718
62.7348550711758
53.4471255145036
62.5844663823955
33.2049731112395
33.2029723254575
14.9848733679391
13.7929642689414
61.6910636774264
56.2101409188472
59.86279057106
8.52974251611158
63.4550449205562
49.0387922385707
53.5694374702871
49.8072118032724
16.9105332599313
71.967441320885
27.639104006812
38.3671281044371
53.7831983179785
25.5201762192883
31.9781426223926
71.2045135791413
30.5047309026122
49.0815271972679
53.7898339053521
47.5673801257072
61.4042899920605
77.9694055905566
49.3679155129939
78.5297374473885
68.3364565426131
35.6622085584272
58.0280073336326
69.1520464490168
48.2922238414176
20.9965405752882
31.7258365771
78.1045257591147
39.7284865054438
28.0799687612337
32.7674208790995
7.35928182985763
35.6734261848032
66.5501681156456
26.8620809691088
82.9041893244721
63.2057050630344
69.5199688430876
59.6206046990119
55.0225831801072
56.1856263084337
54.8432154115289
14.7193539422802
55.7829253841192
33.0221046572814
13.0423838389106
44.8171886033379
13.147101041761
52.0102812627728
25.1127071096562
48.1132534178863
35.2483872125828
39.948557165917
31.6132021066698
34.7757686860859
39.0326888533309
72.730937297456
75.2347367350012
38.8672528507892
30.3677686257288
38.6557699646801
16.2086221156642
13.0606753285974
120.739229931496
22.3476148326881
40.8042419697869
7.99748199664241
2.54087161419412
73.7651067324318
20.7866094097804
71.3852143730037
33.5533531266265
46.6606697509455
56.0172156600469
39.1841649543494
76.1822420288809
66.4230429101735
68.4919787401289
53.5885085040448
6.87424368225038
80.6791035691276
31.4044624755379
48.3349691494368
27.2013090681781
55.0044326693751
61.0408163396642
88.8277674210258
26.200263209847
52.388631971553
23.2727402471937
30.690881551709
30.0326311727986
62.8745543770492
43.18522958139
77.6410901620442
53.7381775444373
79.691805539187
41.5461818188574
22.5865529918996
24.9295643094316
42.2928978339769
32.069951227512
21.1812740712721
59.8665858386084
55.2579222829081
49.3452476453967
16.6727422736585
64.6619364968501
63.8211431447417
58.1333261099644
40.1237810883968
44.4702803855762
56.1659727541218
72.7729985723272
3.57642900086166
43.4945506160147
87.8172544762492
37.0132501793209
25.7383615212415
27.5540548909293
25.3450438308873
44.1113740104233
32.5756105361506
47.8124154149555
49.3516818271019
49.7752748996232
32.9238640842959
28.4161156276241
38.131359502144
44.3542067892849
66.2246516207233
36.066310292944
15.049943793565
71.9744063383469
40.5163829098456
47.9409507359378
36.4584643975832
22.5702075636946
40.8112756597188
66.4766093895598
50.8389803482515
45.5471403081901
44.308555603493
31.7398520070128
32.3439360246162
36.0442676735754
56.6945064696483
66.8279313715175
8.1190139404498
53.0655496753752
27.6789110852405
6.44394787999806
56.4933446585201
41.2449749419466
45.7441180677804
8.58719298848882
19.5115666254424
31.5747984102927
10.2667289857497
40.2297638491571
42.0170214958489
80.8457717415877
15.3226837028587
41.9147614738904
50.6615245481953
65.0246386765502
15.8289798576979
60.5197852771998
45.7601136295125
88.961831072811
51.4692615135573
18.1077941088006
70.1256423839368
27.0276063612283
15.1889133499935
16.5357375401072
39.3901765711299
52.6502475198883
38.1062339843325
42.3380293534137
59.14753327379
50.290980678983
27.3730153567158
50.3309513727857
20.1024871946243
43.1142314396404
34.9332804398132
50.5388580262661
16.5947270043412
15.031235315837
75.2016880083829
37.7483089687303
42.4965301179327
39.1662453883328
27.3954270174727
38.6655616457574
56.3456348143518
94.1197078907862
75.7189370434523
62.5768057837795
68.903832626529
41.6729229968041
65.1603907346725
59.4287435058504
38.8461654656567
44.8732468066737
35.8317916117816
36.9063057238236
24.7558815981954
41.0071748192422
35.8694491041376
53.7767466826041
2.64559732804264
77.0918859168887
83.3926271297969
3.85528025217354
24.3722934625112
37.8097392851487
37.759170786012
40.1710781850852
12.1959426811651
82.8035251353867
40.4715607292019
25.6566200521775
26.2944260468106
5.61454790877178
44.9663078008869
51.934768317733
48.2725872841725
49.6121049160138
61.3734612357803
48.3919754158705
54.4190586311743
59.013126953505
48.3662911690772
76.7001936561428
38.8440595008433
72.5657686358318
39.7373891901225
43.9060254837386
36.4640674553399
27.3116715019569
72.2590356715955
75.3550480934791
47.140372893773
32.9778857183918
16.5415019495413
69.515961536672
85.6529247830622
82.4071109760553
44.7711172513664
39.8427750333212
64.9289516964927
86.7858933549698
32.5572963105515
86.7868574685417
19.1146242432296
45.43204883812
63.477469375357
75.7107078447007
56.9746745168231
72.8880288428627
43.689748235915
33.5404393331245
31.2915200202828
76.4603046140719
108.280040579848
54.8910881159827
41.4383242372423
82.1170761133544
18.3779005776159
92.8096510120668
72.0055801211856
16.1806293335516
55.6750195217319
46.0139120965907
76.5368732856587
53.6903728538812
31.0270330752246
64.7692671976984
72.6688326158133
36.3683692296036
72.2532434738241
29.309546854347
34.8134471453594
66.321899718605
29.1171814427741
56.4778124447912
47.4111079005525
70.3356341226026
87.0072270510718
58.7259684689343
49.4806798524223
19.3731352337636
37.4049804133671
16.4769410958491
22.228866792284
37.6880393951869
64.1184049730319
51.8568740356008
67.2530951327644
44.6715967846103
35.2055142633617
53.0510164564475
16.8449005216755
76.4488166081719
28.5283190893001
41.9234630535357
20.365099911578
82.3577771428972
30.1250062067993
58.4198247641325
32.0139691233635
32.6759305613459
22.9685912723653
76.2554389541037
58.1668976810761
69.9377158521631
3.57615610118955
84.2434202088043
58.1082407979765
34.3150522327051
65.6107944552787
65.5799608910456
57.7747972332872
40.8738384721801
73.07813342195
75.7197421509773
44.1920563811436
61.6879425826482
89.9591269242061
51.7303846077994
20.4519449849613
39.9398154967502
60.6579866397508
55.0374959828332
42.9257613898832
48.3950567431748
85.355202226576
33.4169801906683
78.4868170158006
63.7163259438239
40.0870533427224
65.8152995049022
63.8177312644465
60.2831841097213
2.98443726173516
37.0383942524767
79.4643424334936
36.1058895202314
67.3402704880573
94.2901674192399
43.8231901950079
52.0494201607245
29.4980411767028
53.2709328819901
80.9635466197506
53.4682580968365
36.5058030565248
36.0283404381705
36.2938617106128
43.8772207126021
56.5823074313812
33.1724376883358
46.1280554183759
33.2188784636901
37.0374940568581
1.2000953068551
40.9606900422697
39.5289007876987
52.6702827424742
44.8010119609535
57.7485496561798
57.7513510330513
62.0768033645014
59.3456758535467
48.2794581563212
97.4314300110564
37.4900544295087
41.775125141534
86.7820952320471
32.5629239785485
55.716068437323
46.9194811186753
65.034515352454
43.1074852586968
51.5762002486828
33.9312246418558
41.2665637908503
40.7015638193116
50.9469599408391
42.2387596336193
9.707156059732
27.7790387234166
78.4856705227867
44.2889799829572
81.5552324405871
61.1024168194767
4.89871026167412
41.1340304540031
21.2032896350138
51.8557742713567
24.338215342119
55.5538931745104
34.2983943648483
43.5058385644842
89.1578188748099
30.2801826386712
52.4982902919874
28.1858423957601
52.5804595090449
52.3023633635603
61.5178587264381
14.1187835019082
39.010133931879
64.8852602719517
48.8410751218908
27.1244680264253
62.1603664398318
47.5110227154887
46.3756830780767
56.8717458634637
61.9787801289931
18.6277561122552
18.2054713709802
58.9195403968915
75.387138244696
47.174221125897
27.0222402234287
10.469118936453
47.2389004775323
27.3370850365609
24.17940198211
44.6570158936083
76.1471362318844
56.7063367227092
87.7733676461503
64.3081159098074
53.5147145739757
47.2635330050252
59.1694387956522
18.1855977499214
65.7459698850289
71.6942546146558
80.0229712261861
70.4009454348125
29.188409994822
89.1092422534712
54.6155439887342
35.213123359646
29.0414074086584
38.0084567819722
61.714322026819
71.5533022768795
38.5955205303617
53.3569674356841
46.3352005950345
67.3707547830418
29.6928040101193
52.9378300765529
63.8020003428901
44.2390794632956
44.0024656010792
74.0182395306409
80.3280784399249
74.0104710916057
34.8852106486447
37.4466942960439
82.7763491193764
32.7863818965852
80.2108897245489
47.7225910057792
71.4833136415109
17.938868724741
25.5443257719449
32.089850492791
71.4195216163611
97.7042343933135
45.1569141441005
24.1163143888116
4.63506035739556
50.6661241292022
67.00884224425
21.8894734978911
55.1829995469902
19.0490052220412
27.2961351810347
75.0824079150334
44.7845707996748
67.0814848737791
68.239979352802
40.0322080352457
82.4140658834949
43.3001555662392
59.0037785004824
50.2900221035816
59.3800002359785
44.9678735109046
75.2856809878722
27.3991660564207
40.9029518486932
21.4789128372362
64.1184865846299
11.0365007781064
52.3386415676214
30.101490591187
30.1501055946574
48.1281167594716
54.7576170636812
53.0997823115561
47.8926323224779
11.1550064873882
34.2757831560448
60.3674345184118
30.5052925366908
47.2125723725185
17.35557554008
29.1505867675688
41.5127874468453
35.6612153700553
35.3044545161538
44.701396394521
44.7918013902381
76.5793534156801
18.858186533538
51.3091499218717
86.6221559932455
49.7028164212077
37.0502702941868
37.2394237550907
98.2989598996937
3.86591161368415
71.3119364459999
15.3508098330349
61.210338154342
105.836475989781
4.06971999909729
35.475648890103
63.6261285864748
29.6634518249705
42.9052607039921
39.7511420538649
52.3608488496393
17.9362043039873
81.7691503209062
43.0524284171336
55.5333870928735
85.0858385674655
58.1817006343044
51.2024614494294
41.841500714899
8.03796016843989
46.7039484181441
15.6723766354844
35.1647507282905
38.6589796733362
78.1323718023486
28.2459202921018
52.7953129194741
24.883789432901
62.7513991552405
45.4849210800603
68.0652538663708
63.6966675287113
36.540495760712
40.339519106783
29.172604787691
32.1193186216988
50.6145140884283
38.9663633075543
43.3402128866874
54.3463363894261
53.5505380597897
53.2116506481543
10.9952982264938
77.9185257153586
51.9462779862806
19.4190472713672
45.5240700393915
34.612055530306
51.113049534045
51.0668422211893
