"x"
11.9529377203435
40.8366799587384
5.31168279703707
55.955080431886
0.356613588519394
9.22140113543719
17.8937402547184
40.9652739996091
33.0498052295297
32.6507938393181
44.3464976968244
31.4769024349209
28.4965597554809
26.9585276223838
41.0398709012426
28.1430857721716
10.1613244343723
3.35066097322851
40.681925858371
55.9790749568492
2.37848020624369
38.6683052246668
46.7283725738525
7.99910011701286
38.9600370777771
7.34646781347692
40.8059081985548
24.4751506604941
36.9369771564379
5.34491585567594
23.7350489282834
42.781206057407
10.7678391861166
17.8202559106642
61.8739885044418
21.9688961573296
37.9858090309426
30.6462914217263
16.9031707104295
10.5932837967421
26.5513161895797
37.9272374525722
12.3949544504285
15.5164585914463
21.4323373292695
13.2634225385931
15.456889453344
18.4023215901107
6.75393649651371
19.8859785549998
36.6457313450823
28.8198653880987
14.7780894069001
23.2108725305543
7.40378060383586
22.0946696586907
37.6787386650083
39.8860319517553
38.134256307967
38.7360276077835
20.2146983938292
26.1379105970263
43.266727309674
24.456160585396
34.5246592070907
25.5094871856272
22.6604250026867
4.88678261172026
16.1910635616629
44.9611336437243
41.7712119933071
35.4106963612139
51.7397183692083
10.1103115361184
29.8411494120955
33.6036104243249
13.936334679042
11.6700390750042
23.9362824969765
4.405652359128
27.296759840101
7.5785934198662
36.9091794127598
39.1772960778326
18.7181995691004
5.93788056230173
23.1621711788685
14.2666537547484
40.8975316323506
40.080318460241
12.2165667103666
15.0983492145315
32.8533530560361
42.3017149040745
16.0080322652929
22.6562383763234
12.2938571032137
32.4368850217094
15.6065859133378
22.7320833523447
11.7955201305449
12.8746664571328
49.3817585149784
22.6159620708653
7.76537127386353
12.1265832334757
31.4019415066749
48.3416200848296
17.3775617033243
27.4041068041697
32.6041826047003
32.2649730608219
37.0795257862222
8.82494144607335
50.6713483482599
13.8071292545646
26.0536580152453
11.199991872661
8.64316431250968
15.5473081162199
25.9112294996157
18.2980045443401
5.3751704050228
0.0574031908777976
21.532415994443
10.1816299846304
21.315275109373
27.5546557871357
54.235560066339
29.77736054454
5.37781796883792
24.3659646017477
10.6925358373284
42.5834799017837
50.6575679744062
21.3561703450978
5.11365589495505
7.00483895766542
13.4985514561712
51.4407035429031
64.0118974417963
20.1967875686901
15.6757555436343
29.7383694676682
28.928906807139
23.7829145995493
18.6060693114996
3.84861921091909
0.508582242764533
55.284482287243
18.0704439757392
36.5062234690413
50.6011370569468
34.7302554175258
9.73048819685632
24.264251972424
26.2131421318083
37.4606618304835
24.7313951725992
31.6905309213325
33.4198545198888
36.451525404118
19.5245855022222
5.41007788851857
16.8941081967205
41.9352412456647
19.7735568194339
3.57568253860433
22.1034060150198
41.8371983805295
29.3633727992341
5.5252454476431
31.1738282209262
34.9283268442377
13.1258983863518
25.4569781944156
35.2128346217796
7.08522568456829
27.4717225693166
50.1396756386384
28.7699530832469
5.75983086146811
2.98265443568614
15.6784065300599
2.48395605012774
38.6944107180351
10.3951631200621
2.22505836655969
20.7019173472532
4.5577406352087
8.38386083487421
19.3478112341836
5.89307653717697
55.897362180251
8.60669568959021
29.4723808066919
42.845468654654
68.5029337182641
0.292244623415172
18.4727793093771
20.1847145799547
15.751933339412
9.53695411564287
25.7602373370901
7.5560983736068
34.7674914641657
10.8707472681999
20.7468322467161
19.5744035069766
7.98225344923257
4.2708478505418
29.1179044032091
27.5020787529607
5.87266534566879
3.09762472752482
28.8883960967244
36.6701978025958
5.74519784821799
14.5202316110954
33.6139741909666
37.3282592045143
29.6807241160423
2.52196176443249
43.359402869828
39.6628727205098
19.9977685231715
48.8318740689474
33.9626236158314
26.3222159352154
59.261847124435
16.2842666084118
48.4530915040523
39.0322974650189
24.274496822246
26.894043199718
24.2853935420123
15.4480557696139
51.4391334028915
14.8174745729193
0.574473431333899
49.9697932573278
6.33726983796805
19.1853474171897
9.4467781484127
3.118891781196
27.4987538577989
19.0574269459678
37.1810915196854
38.2916475666234
7.38587672822177
57.2545549599454
19.5217067375779
8.60716140089395
54.5359902395604
17.0956133399159
7.16238927570067
35.758101940155
15.2506409212947
17.5813363865018
37.0053274789972
10.457357391715
5.04088614347679
3.43334694931087
21.0449885490324
22.2007135087772
11.8762833129044
26.6146478772246
33.3921807585284
16.1171953773742
3.05475967470556
13.9505334028239
39.3570331390947
30.7949101086706
10.1463833999854
8.93308566883206
21.9305321574211
24.4077797513455
3.19750285707414
26.2158286990598
20.6999385729432
41.3553871625015
10.4244736164482
12.1760741109028
7.17294831967032
19.230298434818
54.3389088241383
17.8226959425956
18.8200709513276
8.66161800793293
24.2468926124275
19.0746993524954
8.64589400589466
16.7278565699235
38.8268794636406
43.9594095339999
2.22673568253919
35.6536352774128
54.6920360997319
39.0872476855293
14.0077376039699
16.7032146826386
42.3411022871733
42.8095669252798
9.85893881879747
18.2420866936866
29.1576866526157
15.711122774519
2.21344494813145
12.1167523087934
58.0713770817965
26.7561701541846
27.6721437927336
8.36003415752202
6.97302126791328
18.020312274087
12.4787572072819
8.92046748194844
22.058079629917
42.9965484953551
45.9567825556867
17.0605767751113
32.2577012004331
9.92693652017338
7.40085183642805
8.80472558669911
26.713059395814
16.6999749750796
34.6442029297801
30.4291305560943
21.244433009997
41.5770374440636
28.801007475704
41.2028683324549
10.2622309466824
12.4994741985574
10.9248678484244
17.4167033750564
14.6572188707069
37.2698669199448
22.4167113700842
11.4291371544823
24.288714537397
10.8515045922142
52.8896799311042
27.123270660021
25.762206328933
12.1067244792357
7.86223929766516
17.9879541259396
15.8294406467316
33.1271228669427
30.7866914430633
35.6178290567014
29.4956873171031
4.75329207256436
39.4928467490285
29.6230831785327
43.0565334158018
37.3423647601157
49.2507247644173
40.4146081767976
53.5897604422644
15.3176403368675
13.9985602259845
23.6953116356068
27.0841614576057
10.5574452783912
40.8412166585555
19.3549626041204
13.1838743854755
17.0328865991905
32.540621476277
37.627219199203
3.02973337487702
10.8213022816926
28.3052779035643
39.6060877712443
6.35922972578555
31.0354263233052
42.5327631644905
46.5652061160654
31.9754705764353
4.2917167667143
30.9880209155381
39.0691340435296
10.6939115328714
41.0182465053754
9.679408517239
37.9795230226591
60.5403994442895
28.19614559412
11.2079222065381
28.9402102120221
30.228909663856
17.2997472574934
31.0796733247116
32.4284193546495
12.8117265596933
8.17766538821161
49.6840652776882
18.7176855280995
63.6238832725212
22.6727635989537
12.8171426383609
20.5720103769366
35.1908795535564
37.8318197093904
29.4515533838421
6.38369887601584
59.2597792015993
46.1314298139872
40.3839056845754
24.2450880585238
43.7093596855724
33.1748132247009
7.05662257969379
20.1754479059737
43.95385554526
37.2934281360358
3.22766714247208
27.5129031879805
47.8235660120845
29.7548600938171
33.5414542118087
52.5867610936984
3.61310093370858
34.2262781133119
15.4032625257969
1.84121152851731
39.8245291085914
11.3005020422861
25.2313349861652
27.2644049814058
1.65469685740086
20.4400437997106
70.8965241909027
19.0598420100287
13.3575993357226
43.9929713029414
12.022076616995
22.6159675978124
26.1690444080159
47.015327669855
38.822628906928
30.3372991969809
35.5094252733687
50.8564894963586
17.6772155571964
46.5944670606405
5.45073048876127
25.8810551371425
30.6027681101114
62.6968087395653
11.6063634864986
13.3481342112646
22.4441165803
4.15069044101983
6.76752907904736
44.0466966480017
49.6502315858379
11.5951078478247
8.0376086756587
28.2925207866356
26.6034349056405
12.5604149852744
8.81964617874473
36.6819481132552
28.7461829837412
22.9562436527361
11.1183633562177
51.7622154816592
58.1794435624033
37.5263951968852
9.73576023860448
50.4053946234669
38.0259786732495
10.6778011025428
51.0588365374133
42.7930384170974
12.95580198057
35.7073217863217
34.190723338075
9.99360389942639
20.9741243161261
6.37464523838473
20.8116309224459
24.256653059274
38.0896128946915
9.80652088082281
54.214069317095
31.2504421686754
14.3650716813399
3.48911516380114
13.9091038377956
56.7325131967664
30.7925235712901
29.9727853559277
3.26003734614659
24.665492400527
35.8630802482367
45.6833621856091
5.94847371518223
3.34545783698559
27.619933972664
23.397314185436
34.793183971005
3.22972064899426
11.5514541277662
19.9078989448026
42.6652691792697
38.3195136208087
11.8843428790569
13.4258991340175
21.6962616657838
4.71906652674079
46.7490978164618
23.8721516914666
52.7356741251424
45.1853798702359
43.7614618578629
0.308020762167871
21.310912957415
11.0188736580312
42.8534916602075
16.2475517670876
57.0267974972416
20.6988775630547
53.2435822802324
30.2428563823923
23.6704311333597
30.331371165812
19.5480885682628
53.3386559458449
36.8891419144347
11.6340987649808
35.134519370553
27.7716025477275
12.5858582235155
30.9768209204112
22.6686839014292
37.5606710091233
32.5291228014976
0.678490339326616
2.36047832295299
29.171587061137
33.948941831477
22.6863831980154
26.7683625686914
8.27014837414026
13.6581252096221
31.9915453903377
20.8724136067812
9.27475942628946
26.4052512158342
14.5505954700301
15.5992940766737
31.2438317201949
16.8453600956127
5.19981051329523
29.4448346583344
15.1000878935612
19.2389755742624
30.4150277681631
23.5588444735319
28.724505356513
29.3006416875869
18.4648861477874
46.4437617687508
26.7186812125146
33.4216767456383
35.6441240524873
31.4807508835389
16.5149071952328
16.4938059268723
27.1874244134696
15.7365177059546
5.79268110450357
2.61490778066218
1.85545245185494
6.78301735315472
31.4731238986767
9.46858094539493
20.7964422181249
4.69362816367012
36.9249240612803
50.4915168508887
3.22866139467806
37.7027534443341
8.93769591969485
0.16057847533375
51.7170010096116
19.3803587229922
49.9736441066489
12.7061310689896
4.37196744605899
36.8183543672785
31.3884385395795
25.6408807635774
44.8139431653544
5.41699912409359
0.242838354498695
27.7426236765827
64.2587909242138
22.052389929518
19.8188606669952
0.236971065050789
69.0778143703938
28.4283557441086
7.95894919555785
39.6957545075566
16.3744746797585
5.92304938472807
25.3531163981963
45.3915770631284
17.0634348327883
25.591941206297
10.0409820210189
37.830925360322
26.5684034564751
10.580643140895
67.3160590231419
40.494327146976
46.5702227549627
20.837889960967
21.5695207938552
20.3095178352669
24.500782308709
11.9081497890875
53.5959594184533
39.0749688958749
31.7656778264791
41.8800218962133
31.0431265505031
18.9345213817433
37.1475089850986
38.6095855152234
19.6051587783929
29.6862408743193
22.084335051477
0.281274667941034
29.4556925073266
48.9408604150478
45.9399852203205
66.3761561969295
14.6700117352382
0.139229088162167
5.96695164269899
11.2384713720161
32.2747760441076
7.06995057407767
46.6930496377742
18.9363159472123
20.1721257995814
21.1519970325753
3.4719722578302
21.5824477893985
26.5580240869895
17.7032225998119
24.033074967967
28.3492462942377
6.47137021779017
3.18534258360307
9.07044494524598
20.6196851329878
6.88823231030256
22.9299900121987
26.553285946602
41.4523331914097
42.3950785943524
17.1065432019532
19.0831667550157
10.6634943873831
21.2811587378383
55.460949704696
11.9842771114861
4.33568428270519
38.260018366328
19.8582541350722
24.3310178630054
30.781842651777
6.85322317858435
29.1211053030565
21.3996745006735
3.07001697365195
41.371695860289
27.6034024559834
16.6065318044275
6.55899988303055
40.7920639263466
18.0427245330065
19.8662260081619
51.1233201250434
29.9469577932944
29.8817654005128
36.225680398435
6.67492820345353
3.4943288192153
37.7968868706375
2.76447655633092
59.7702719969675
15.9498695516959
35.7720117915589
8.34657016926098
15.2993514435366
42.5386390183121
35.7594480039552
10.4746681870893
0.964300232645657
37.6702459529042
8.28693624593031
54.7800576081499
12.1782302554077
19.476762553677
26.7704862620039
37.0790111507816
55.1732112417526
23.2295027235523
54.1460069362074
3.76634757383662
13.1903536152095
34.6564424224198
14.3265089951456
15.0628844886892
31.3743403879926
10.4800523800255
7.86958801288205
20.446026972307
48.0163377011195
29.5490256277844
0.760458215860202
24.6139160357416
15.0168123554617
33.4795648202096
26.8223768100142
47.7265574969351
33.3306388696656
46.1823896887785
34.7570247715339
34.7400227794424
14.4899310654239
33.8067268900477
32.260035071522
39.426705474034
35.9128585550934
23.7651340285939
16.6134809609503
9.99525762163103
12.6766131267906
54.6888363081962
36.2257327884436
43.5431708561739
23.4119997359812
25.4601841483212
8.90555754303932
4.23562375502254
0.985576228622908
8.56411778368056
21.344318962656
30.7911316950307
59.4314989401028
5.77014049159211
21.2397913215682
22.6109030423686
19.2889518337324
26.0487040970474
4.66131465486375
55.5073788855225
31.8436994450167
26.1078188987535
25.4804656843568
41.152291581966
38.1351003656164
17.7708901232108
47.5959472705494
21.8042735941708
24.7014511558461
26.5617152675986
70.6093013752252
15.3706108218077
26.0012994753197
21.3786483058681
26.3765082249109
48.6167230876163
3.53994622843304
35.696021374315
39.606042439118
32.2373300325125
20.7993052353987
47.231461876072
25.6781187141314
24.905413063243
23.8508585090273
8.38898913888394
0.328925953216595
3.94903568085283
37.7983775921166
37.4965619528666
4.2629624465005
51.0637337378062
39.8697996948609
29.965352662839
23.5204375348985
33.9894760865718
14.560125993563
32.8982757746461
35.8404704333091
41.3744683144614
26.8716028891504
18.9134662505239
11.8457252858207
61.5251408424228
65.403434028849
21.8428269841612
19.9659424368292
40.6031793449074
31.6228306196891
5.39823077457293
51.8101150681729
13.8641698518768
32.1020481322271
10.4434129782021
30.4966803872958
8.45945889595896
34.1605936952549
17.4187418377352
58.2361367506449
20.5848990425719
49.2842060280964
51.0420008421956
13.6981476518961
2.97100085299462
12.1888081775978
4.46526543237269
2.794377338916
29.6872008824721
17.4221424162611
55.0794210085299
9.83036881940088
37.6072179526091
30.0756284035742
8.02460485137999
28.0275255907327
9.0737328864634
38.4814681252465
29.6267771394923
3.1758106560128
24.7105961898342
43.6548993263112
3.13369282521307
20.4622116638348
35.513000912033
26.9918636964871
11.6630718810484
26.4368321746588
49.048633268103
27.8327258868455
35.5649057077244
18.2580832159147
19.5527827832848
7.94670882169157
40.7798723783344
12.9642826940916
37.3037018347532
13.2248411653563
41.6435626102611
31.0713227838278
34.7892506048083
64.5829062676057
42.4124852288514
2.62414743192494
46.1039374750591
5.41984455194324
22.8538006254977
24.5663734295748
17.7371642086655
28.0309023801237
1.81448337887113
7.34213304437065
43.8261133851483
20.9237136023656
53.7191177951172
16.6998767992482
15.4656514758244
27.287168551955
2.15233451323258
50.6025130936818
6.65877512656152
20.3527185244241
43.030408718598
50.8047318086028
38.5277844037275
24.6086836331676
44.3507063901052
50.2674518153071
22.6574337617157
20.0066122105684
37.7850447082892
26.857299101539
15.1214406592771
14.0530147589743
18.3965890210501
9.88258717115968
21.9796082677601
22.0029398521377
54.6257606707513
13.8175272848457
23.7702061655
14.1894788481295
13.5457722237334
46.8577876221389
24.7090789955109
31.6348206019029
44.9887503627687
15.4882468875224
21.3787266053259
41.8508113129064
39.9422500748187
8.9855007807521
41.1283445017918
33.4539842990492
48.0421194573864
8.76326942816377
31.5680180909112
16.2060797615347
29.16389121674
14.9092739447951
27.0225758431479
23.6373930588439
20.9713407775423
10.2262628031895
25.1146760769188
7.77772262126942
0.607635939967247
31.9996779318899
7.39967896494212
29.8621533438563
15.9227264118257
8.33290228620172
23.2382143206416
3.22484319578186
14.467716193758
5.2570254756674
32.3337573325261
56.4376256195828
9.0079541998706
20.3684962587431
0.807986059226096
4.54728549811989
40.3735971682305
36.5962359021242
9.71438673326391
36.6418100427836
34.7073619085846
26.6537405865306
46.0795127553865
19.8918242007494
22.2965728025883
14.7949253691939
15.6515243313478
40.1491654571146
7.45891300030053
13.5083748959005
28.109255572781
18.5831675771624
18.6823369179741
50.8968287380412
25.7759718526016
39.5302916033518
29.9998741009866
3.82549489445825
21.2818122122676
45.2478599265539
27.5198649382219
35.2064557839185
13.844386045821
12.2121434658766
60.9947437886149
37.0968176750466
22.4041650765753
8.93268592830863
26.0010759579018
14.6266395924613
32.8961483202875
28.3958095614766
16.0703434841707
49.0631065797061
26.0178037220612
50.002399536303
14.2700114782292
14.0237308834334
36.7590274661779
37.9582344554365
11.1766643794161
14.6572475949666
8.06697378657012
29.1651498991996
36.9254034943879
50.2060059690848
51.7306712921709
7.63115615118295
22.7909529581666
3.83691606111825
9.0879277093336
23.6233241619526
4.76206010207534
42.6645594699541
47.8320084745064
60.1898713270202
33.9942502090707
23.9787839585915
18.2182573713362
38.1655142409727
30.7648926274851
8.86281240826708
51.1881739832461
21.4286868693307
7.86899370141327
18.3124216160282
28.3509189030156
19.3557274546588
12.4155338387936
24.8409056570381
18.4605479252273
29.0237341545978
12.512902286835
14.7808726673781
29.2153399566814
13.7424983381686
6.574119720608
9.11157334302446
40.8188299275935
2.93925753794611
40.8015972934663
16.0232674330473
18.9333765534684
40.1684161042795
15.0759663898498
5.77282887412281
48.2801645295694
28.8672124054151
16.5487720398232
25.5559101893261
14.9531571392097
25.2292303889855
30.0539150135592
13.2687334902585
32.6890354044735
12.413725303486
49.7227457082995
14.5989349577576
41.4877222152427
0.0152540160343051
11.7216350510716
30.7871025754139
39.1357701038942
29.6069784555584
38.1801206152886
19.3388991493003
16.7752408742688
15.9698156174272
24.4482012698427
1.74158167020831
33.1944731762633
24.9132789904252
35.4215272469446
23.915079366735
13.4985065320507
43.7865806277841
0.792439375072718
40.722983982414
32.336024637334
1.51243941116221
22.1781354432556
33.717442736864
44.1836642101407
21.2909861700609
25.477036787197
36.2298899330199
19.1473063226434
38.8440240934405
46.431703842245
16.4071176666766
28.5756764234975
20.8910449638771
33.5714663844556
34.6346697304398
22.8443699190393
5.57552088037127
15.4489134438336
38.4454704512609
16.5311038261279
0.0912485411390662
17.1502266146913
33.5100625175983
17.7160308199251
15.6458919402212
14.5244686495146
22.665303503255
46.819748589769
10.0350892193164
11.974302562885
28.6604863358662
12.3105317121372
23.9768754690886
48.8824837608263
6.56027582008392
40.7402252079919
18.6479571741074
11.0201368806884
28.8712952518836
29.040729207918
13.4763506473973
53.8026549154893
36.5829181624576
25.051220461708
12.6185237662867
23.4276518708252
11.8661120999604
20.0478582875803
30.8372864965349
9.89113915711641
14.7867021616548
19.8526958108686
0.0413845991715789
64.2211106372997
48.8826036220416
19.929841428169
17.7448214963078
25.0074457610026
14.8740698558187
0.860604224726558
14.5338571630418
39.3663270631805
22.8917811065912
6.53752936050296
30.6748840492219
44.792460068129
31.9623773451895
36.5384871920948
28.6754950415343
9.07384129241109
2.95276111024559
41.295833629556
5.50531493764426
36.0272055258974
51.2270496692508
34.5417600357905
1.82296337699926
19.9172347784042
44.2626619711518
31.7711106268689
22.2426476888359
42.5266121746972
13.8742841551126
17.4365408951417
11.9138027541339
14.3043601652607
11.6165146410172
21.1633146973327
21.8236734629723
35.2292127999885
33.7956146474757
22.4714401705891
50.5614322610199
35.617410717532
2.44591308016841
0.924678556830836
45.9271018160507
4.9838389037177
28.8068806054071
3.94162731156498
15.4690863098949
3.59977232292295
20.0455895208835
50.8012741899761
15.0342334527522
39.8307072034259
1.81809163684787
60.9411310404539
15.774559578626
5.4750077299831
40.0520386174321
25.8837073110044
17.4081125666894
46.545326965861
6.80191524281343
22.5688411155716
42.7701290231198
10.4238262865692
18.0336453951895
13.8695050030947
15.6338795553893
19.6861737841323
13.6452254606411
32.4504422955215
8.98929580256646
23.3156078495085
15.0388115085661
24.6507189469412
32.4066573853683
18.3873655019228
33.8120002390217
57.8988520195708
44.3266925169155
45.8013183670118
33.016420641701
12.9354037274747
32.0094387596654
11.771797388792
50.3787746652961
24.8015329701281
47.1456582890823
11.0338614089414
3.22900058235973
59.5881549821992
30.4905711865531
17.6590430363647
2.48805452138186
28.7860899232328
3.4318384481594
22.23882265169
10.091636491982
25.6651254936088
15.9703021452454
18.794710887596
7.4099681340158
19.2194614559412
22.0809486742238
19.9780488421564
34.8914368795277
26.4614324652691
9.63890359271318
41.5293780388311
36.0294707352296
18.6965682310984
47.5813132245094
53.2972007291391
27.9543806333095
14.3427410446173
63.8275846140459
24.0206906010052
18.1851374683902
36.3288345565217
36.5867499211009
25.6257803644985
30.9839327819645
22.9827600298449
35.156616667466
59.0821956284344
19.1278256010264
10.5846896767616
57.4926783330739
29.0239955764264
34.4787359470502
23.544344608672
50.984862470068
31.9391798258767
24.2681235395727
26.8358853645623
23.9614331345039
9.62719016242772
27.3954965639859
57.3320518014953
21.7530821682885
59.5363694010302
42.6360917743295
42.2581075457856
22.0763183198869
18.1188609218225
19.7256436105818
33.5706357378513
16.3601382131073
26.6321698436514
21.3817614883758
28.6683003650978
3.18835438348578
28.4729793382469
52.7862606570125
28.4309304552153
12.7843763936775
59.9383677123114
31.564914342016
36.8892746977508
11.5622264798731
19.448688486591
27.8904658820361
12.5769640042564
25.7080745190955
39.7830319513884
10.7500250872396
26.52497022486
6.36870553717017
1.01869329398486
27.6503869565204
41.3624284375709
23.703548591584
58.7630427908152
45.7967503694817
30.3653492167581
34.2612261178956
15.814246237278
26.5900022161914
22.0594921842513
22.7288374864158
9.19332973946919
31.3739385455847
45.6023328239098
21.7998072272167
20.4991139213849
35.3282296851738
41.3017753511667
14.2657864517424
13.0557564989463
33.8016266003251
28.1658494845033
38.050973808634
23.4586529200897
7.99190598050905
12.4623325886205
35.972173162736
32.9319188531549
39.1637108288705
7.87577281295787
19.6739699458703
10.0065439584029
25.7801055209711
22.6511393906549
18.5663063434422
2.03350766162375
23.8779328503942
6.49974946863949
32.1915183216333
20.4139540656759
15.7665547449142
3.80814273376018
43.5556681771302
28.3800854813308
49.1697893477976
21.6063066618517
35.4130026418716
0.130425416864455
17.4855091609061
64.7415322168342
33.6981491488488
29.635435494254
16.8487733678075
32.1060197021513
65.3365254867822
8.54044991487333
14.5550966262817
20.6948964552235
24.4345707155266
6.29347620997578
37.5901920720935
24.43915551994
39.1593988111921
33.4824806079268
28.5440206708991
0.304613537936951
58.7156209163368
19.6586300518631
33.5600143298507
14.9205920378479
30.7736983755603
31.8926599920124
5.34375321585685
55.8125374373049
40.3852748684585
25.5591279594228
54.7202927404205
33.362147811652
40.5391416046768
37.817530031316
40.5700634233654
34.7095602024707
23.623856420734
59.946973901242
17.8391336929053
38.3671370102093
22.4348529048222
42.3287873854861
47.5717774126679
15.6424224609509
22.0132769783959
33.0773805035278
3.11260110693522
43.9010684145615
30.5245893308893
12.9423158776822
20.4328479710966
26.7397770097783
15.5303216306493
29.7635882394388
32.4899427760772
32.495581494669
22.5697231013328
8.97213989189181
5.82417043464687
11.0737458366802
17.8974771872163
3.91585005291801
32.3840729892254
32.8092213300891
31.4425711752847
40.0492096552625
40.6094913370907
48.1533059981
37.1649617096409
65.7093615503982
28.6911437753588
30.3936406737193
6.16662672255188
24.4759126100689
42.4613286042586
10.6455771871212
36.4283012459055
21.7574248323217
6.08555740368837
40.0469634449109
36.7357487551217
17.8752835141495
16.0948303760961
22.6612559985369
3.17793349391942
1.69418875593692
35.939819435589
18.1477017453376
7.45986546389759
20.2642246860825
13.5698387632146
51.0977205198752
30.0496652190597
31.0096634784713
23.1278128057552
6.277823379021
2.1606292242041
35.2465752281355
1.83092506008817
14.9000661716227
14.321494102478
15.8690962377942
24.4207954499871
46.3463089562756
20.5547498397802
6.37873944545758
39.3683546455577
4.12041346469522
51.8914563720027
13.8056257506832
36.7010408313945
45.8578458521515
17.5956576364115
33.5604123305529
9.29096868759657
37.8589436877519
12.8852303372696
6.63825538940728
32.4016621850002
46.1036523571238
27.5987399687954
13.8165597498004
15.1241320883855
45.4259816458472
32.9497556900606
20.1117748394608
6.47609136068506
52.7224963065237
8.12018492210134
8.92295362427831
30.8073424814346
24.9652511905879
54.2028037598357
31.8633635846157
10.1644198643044
17.8213537205011
54.6889396794765
46.2691267719492
9.59022724756919
8.24820371344686
9.57650025375187
29.818097432144
41.0312026868037
8.73218982864334
19.8257151525468
22.3371193764857
9.07506852931598
14.0609422931448
21.5559089022538
57.7623237390071
51.4597232686356
34.590715658851
16.2238168309196
22.8499255724134
10.6288673356175
15.0644768262282
42.1298916408799
9.83710555926905
7.96764321560283
19.2752936622128
44.5256055064393
6.18416314214413
22.1541332546622
16.549125327163
46.9064887845889
4.02197702787817
34.4212622847408
37.2077378444374
27.6611463865265
4.60860806051642
21.5520631754771
49.6830042684451
28.6432051230687
39.9084803648293
24.5590453036129
25.3544629784301
13.2617427292014
45.9903032518923
11.1217361785572
39.6437718529247
29.7979650786147
21.3920124627929
7.74022300870887
4.52455398626626
24.9813448839962
1.73973168712109
2.11217847255037
32.3867873987183
17.1552931314904
18.810145839259
58.8045727461576
15.1884673861787
28.3101401757449
27.0713489502668
15.0053424171716
26.538552155924
28.5763620631769
41.4287349982886
4.65299624484032
32.0690647931769
37.794201169163
10.9355539353779
28.760595456697
0.652988464571536
8.57798305805773
30.3826732328162
45.1496944762766
40.8044827414174
47.0036868005991
41.137326983002
3.33248034585267
27.0421811146662
28.9391003362435
17.1306257368997
6.45976253663082
47.0446596870515
24.7445093700662
57.7765553919116
2.4686387411687
24.6732173720375
24.2780704871542
16.5901818545535
31.3178905899987
6.63785559378761
15.1301537970184
20.7823002012447
37.6680190209299
14.4530458732085
34.2998622916639
36.1900840653107
1.68323500547558
11.5948950871825
21.7011071224387
37.7731304615736
33.478303444121
3.33965838920782
14.3760676050215
2.59180587300781
14.0318429943236
52.6368053862825
33.9742604875937
12.8642358351499
1.39393099008095
26.5960985329002
9.04658916226716
7.83845814876258
9.29149687945312
26.2148218229413
22.6275299542607
16.4872631896287
4.20820261148613
32.6210855506361
34.9929907824844
20.7576458109543
45.5918975313352
36.7975340690464
21.5820750121677
21.94769452326
3.20146637968719
19.9513592367158
35.212329494314
22.1521394792944
1.98422137479753
22.2671192139387
3.91744854860008
36.0254118044789
5.62037944808432
35.9017964685336
18.4352240318624
28.5229793219572
8.74319693539292
16.3380714181302
40.7041194615886
6.95527866178175
12.6206056415588
68.6628195689991
21.0951609537005
18.6281443107873
12.7169682047085
12.3411460546777
32.7773636206985
23.6130598699674
24.7620572436558
13.4953069500625
18.8352362959827
54.9748375313357
15.3710111277178
26.4097614838374
13.3945335634053
42.1105509158224
6.98884509812464
28.6849515745416
33.404623134993
1.98329387386752
35.1820741547272
5.45137221560142
6.34024611208588
16.2423856789246
19.8438115410505
14.7352836560458
38.2558710873127
27.2797712590545
22.3485827213153
31.8918019192983
24.3451489889288
5.98429071251303
33.3217782816264
13.6497985975699
30.1563939079642
21.1846187134437
29.5673776650801
34.7816320136189
28.2007198573247
29.012208271884
33.0294310580939
27.3457170663177
47.0925420988351
53.4430809086189
21.3732320582494
15.3570400263711
25.9671670384705
32.829671096988
38.7955037925314
22.4263338139281
10.3596627479419
5.63695889431983
40.7831997843459
51.1967798229307
32.3415090562776
27.987910198763
56.4649766776711
19.3176102263122
31.2111492734402
30.3026923444122
21.1054270456498
15.5053885420784
27.4647458223626
14.0214835685789
43.497640429996
47.8264281526208
43.4027624549344
0.809939880855381
23.1847048038617
27.0745372865349
51.3949314365163
50.5843067541718
12.5165196251227
62.3540127184242
32.8582318406823
15.0039238592816
18.2054139256676
32.9655126901343
21.8356225963584
21.5750715695322
28.996969044762
11.9778998103038
1.69950923646813
24.0270619047806
23.5088305702873
28.4074335587509
50.9073303651842
35.467009129934
48.1875749537721
9.87916281446815
0.16731801442802
0.368306273594499
8.47519193775952
40.6579575967044
9.04545939993113
17.8637360813695
18.3386581950971
24.7718655271456
13.3191047182579
37.6455004094169
14.2246968339509
36.3797622590331
36.467956936324
17.9072080940174
11.171925298478
13.0201100000307
11.2125774845481
40.8423959699118
12.2627486474812
40.5317747499794
17.4300966675292
3.11063266692315
6.92022080181312
44.6348691126332
24.6825002599508
18.8749175984412
19.3592244531931
34.6031084219957
11.2406413184681
22.6675134385005
30.6702218251303
30.6815864285454
48.968976829201
19.0328814087496
72.8800123091787
7.36319459974766
20.072345319204
11.4120377724311
16.6325943544507
33.485690867747
41.5580676868558
37.9181112249372
9.28202423697476
33.9633668772876
32.1689685573801
26.0555644053966
22.5319042791496
33.820610596614
31.2704113544896
45.1680407859385
12.6888555474579
41.5003746980801
23.116120203333
28.5152630880475
19.3841772386804
2.95412902523886
14.5113838836551
10.9831383218989
23.9967287643252
38.5776691138744
1.39901416841894
48.2737015932798
33.2211100263521
42.1305988915265
36.917569139041
37.4467555666342
36.6173348658338
33.6594899883494
29.6043777210989
48.0410041753203
22.1517936559394
34.2130604140951
69.319994864054
25.2604870057132
36.38497274369
27.5761086959392
38.3289938326925
23.1053352355957
43.8102983403951
6.29091148730367
4.6661542262882
32.1557865478098
16.5785345675146
15.2216349126545
38.993818522431
42.0741153415293
48.101612390019
38.6708671936188
25.4547755498902
14.241582644172
19.6403119247407
8.36543138023092
28.0499529519611
46.5707639465109
17.3246962018311
41.8469039490446
11.1546700386407
5.75499711558223
4.22421089892675
39.7157541702992
22.7229769108817
28.1435357720198
41.4276668979589
27.205943944864
13.4591607962089
35.2189617231488
17.9550862081365
22.8904552292079
49.950469401665
58.3786975359544
57.3285137303174
38.4195673358166
36.8476177565753
58.5561871295795
7.35652463237738
3.35913394789926
14.4802114460617
17.8482449613512
42.4743970390409
32.0053895066361
13.7407555477694
21.2678892647187
30.6549907894805
32.1812909754911
5.01781084798435
77.3545986274257
40.7147396123037
37.2690231298833
22.2764985702815
28.1212495872751
3.66287004681369
20.5768760893244
19.4284782755705
16.8556504882872
31.210085370846
39.1132197109982
64.2806423362345
26.6181922517717
22.1687596058473
44.0682904561982
35.9957834101387
31.2757978448644
14.5562956766513
22.1998083405197
43.262089882046
50.6303468020633
3.80459903490904
44.8077151034004
31.1486716149375
50.7167538097739
17.0441433554515
44.4670068332925
5.86033069751918
42.816962627694
47.6104489993304
21.9146796735004
19.9992438869641
34.4323477881488
28.7287523533636
30.9782687807456
24.6042104205117
31.2621403718367
25.5468856590186
12.8079783317218
2.5888678587605
5.33274406231784
12.5219416804612
16.0381666151807
38.7741653015837
30.7082536504132
38.045123917982
66.5570654673502
21.1763441918488
59.8899232456461
6.01101875779927
24.1542299743742
23.0689643556895
16.3224382326007
9.46973415557295
17.0693590833911
8.56278936326628
1.88707101624459
47.6659203646705
26.97802419352
45.7070244981202
26.025734259747
61.7615527706221
42.4775551269788
24.0260452497751
34.436266310513
14.9878583382815
49.6347247225879
20.9518331191946
23.6609488260001
30.9142410987988
27.4717954918742
22.3924927180633
15.4026588890702
26.0288371704519
36.3345180870965
5.99461945239455
37.4541697597153
32.8536974132092
32.553246198222
62.6977820182219
37.8503465093672
26.0214449691643
38.8762829892569
13.5869930963963
6.34045209735632
53.3535570139065
22.2472719149664
38.9598557492718
21.6512606246397
45.5644292291254
43.6253174906597
45.3510448286553
25.4863804439083
30.3306521995327
8.69255780708045
33.3392622414976
18.4519307894271
6.55751710161997
27.5460086530074
30.4211678216234
34.4001014716923
26.2916573323309
46.4931100141257
31.2994635198265
6.49825721047819
4.60038296878338
47.6631153607741
5.33821382559836
17.1706458693882
34.3487473076005
26.8341236128364
19.4319907575846
48.3658462471026
29.4881217711518
50.4861240740865
19.7808840138405
13.7337455525994
16.2598967319354
9.7780688200146
22.3421422222592
55.0078231123792
19.645382359076
21.9171218108386
42.0929275453091
18.4643599893932
28.2507699681446
36.9664520490915
28.4171858802438
0.215079425834119
3.27863691828864
24.5129640446976
2.16079863098774
6.63978396914899
17.3545080046009
0.573285337585163
28.1618375387528
53.6487947613042
11.9643463477133
55.8781173227096
30.9982397127897
31.5610783640295
49.4275246979669
19.9922607108202
29.6182538990127
19.5021963911131
51.1499369284138
28.2430348540789
47.2178457089596
45.5231203138102
27.7076120954007
2.86147794686258
15.9508994522897
49.5976575650275
4.47115749120712
27.5553057930728
2.06546788054724
36.3453991245478
24.9172379728407
22.0279000466689
30.3154716035351
45.2659216476604
25.6288813892752
9.98743067029864
28.6588936727559
36.9675558060408
27.3257830586882
15.0939721846953
13.5748501363849
1.24481966201557
44.6155111771077
5.19401875790209
25.2743915654719
