"x"
103.391688712873
132.79386916394
82.1477659611041
106.836880010087
64.1315983608365
73.2342042960227
97.1568466862664
79.9316976103
50.1714908285066
86.0193508444354
71.1708172191206
83.7603344282372
60.7363572406185
107.893294724636
69.6126551962529
112.717403215356
82.1549926884472
80.7165970443748
78.5576672526076
111.690652999096
110.117730428465
94.7364204912446
95.0221164617687
121.402809438494
96.4747783611529
76.3159787398763
67.0961167779751
110.241092147771
85.0805738103819
79.5468707801774
132.483841611171
54.4143453706056
101.450504173746
35.1010921294801
91.2385513889603
104.347915144172
77.2485108464025
48.2266147099093
68.7496732803993
107.397158571985
104.780839267187
90.1447544340044
119.44445973495
87.4684120155739
50.6967859924771
91.4550306042656
102.193465142045
50.9382223128341
59.1212848187314
85.4026494082063
125.267549410561
113.57431266224
85.593006038107
106.527469097637
140.96540705497
104.058878542855
124.486521746376
119.345598772634
135.428389177757
56.9480636570501
82.0696759736165
87.2863680706359
100.56840920588
74.9802609207109
69.0337105072103
109.502693277318
81.3573003845235
145.043089848515
78.846002870705
105.681503855158
135.708472637559
87.9560977220535
65.1386484387331
66.4278683019802
48.9415652034301
119.649194506928
123.688188583689
95.4671642044559
82.0810108445585
87.422272679396
76.1184383765794
68.2419863063842
80.2006420213729
83.0714457784779
89.2751960782334
76.0835131267674
82.3287640814669
59.7562847675903
84.2457764095062
90.8526088693179
122.850785653206
91.2720111599056
112.555200490169
63.5801698457235
87.84258562373
101.935283129569
80.7003789232112
63.3946824586019
104.355768079404
87.9312451696023
121.733820965612
57.4155431612418
86.1672151950188
109.002556826454
79.139926796779
99.8755157343112
64.0083248144947
121.745472479183
112.41324103903
50.1031164429151
79.4936107238755
99.3118179030716
41.9389577891817
83.5341705707833
91.0589465638623
52.2976443986408
69.819390703924
105.462387274019
70.5106423003599
76.4912361162715
100.982764118817
97.8448947193101
77.5662792031653
103.510394785553
94.6996174869128
46.4214387349784
60.7144595938735
109.933332563378
61.6386225214228
83.9171012747101
117.779085203074
118.072814773768
68.1186901056208
125.232642206462
100.624893850181
76.1927344487049
95.5581096677261
89.3772199400701
117.96288305195
102.746085450053
90.2601381298155
105.827689904254
87.6300646574236
101.691728213336
62.6415356411599
119.553262647241
92.3701627296396
87.4441301217303
104.318863537628
89.811223896686
78.760217258241
90.4824412427843
119.02138775913
87.03949151095
48.0009243904531
77.8244533925317
128.384996936363
77.572415702959
86.2832991406322
129.575491391743
69.4948309626432
85.8366542612202
76.7674731323496
86.5136311273091
87.4161136103794
79.1373810265213
102.86954161711
83.1560046560419
90.1647894177586
99.6829047449864
112.573352304753
97.0973463146947
85.8887051581405
63.3675803054312
107.701298093889
59.1854004655033
83.7505113333464
68.9364863676019
73.2380566885695
83.4638757747598
81.203052343335
104.086981678847
66.3847647607327
70.3177363146096
83.3808896131814
63.8836701633409
73.6626744534945
89.565006189514
74.2794493213296
98.4308303100988
72.8349928860553
88.5164165403694
62.8843152021388
82.3972595622763
95.5960957333446
46.6234411229379
79.10378590459
113.182535406668
66.1743973384317
104.530409141444
88.8662622543052
135.131051805265
45.0022409736188
94.5467929588631
114.239576540422
91.4170355536044
48.2063597864093
111.707142565865
108.869938983116
57.8868347860844
81.1827669385821
108.654996519908
103.926515602507
82.0895231212489
71.0495417704806
86.0116242198274
81.3830281142145
97.5972584215924
102.60474011302
67.5759092322551
105.438277998473
80.6962918373756
89.919081190601
65.9219320524955
70.075183082372
53.2629606314003
112.043890112545
110.836931306403
84.7681705257855
65.6533897388726
93.4648065362126
71.3025367353112
82.4295972823165
41.2802372011356
69.0413836198763
105.364959815051
53.0962665448897
118.774260696955
50.4941731574945
106.3102380489
61.6845273063518
91.9145489810035
94.8322882992215
67.1933142701164
51.6859540936932
100.520856117252
110.570672096219
106.745651958045
54.9597923760302
61.4565020726092
97.3347119288519
80.2656531856397
48.3046747276389
69.4202646874873
122.963395602716
83.8420391731233
117.394746339414
114.291792130098
60.5886132223532
122.438515239673
42.2271608942473
75.2544218790717
72.6337842992507
64.1752420226112
111.332845559809
77.7454290655442
64.7155473707244
103.696803678758
59.251444216352
83.3056706585921
80.1658472744748
86.3250284497593
104.932801786344
89.8239590074222
107.003766088746
111.060013063252
79.8582291124833
72.1789492137678
105.369570886251
71.0941205249553
122.080635225499
73.9458318334073
42.5615115556866
113.235793588683
79.4542039278895
83.8198812911287
123.764332539501
120.065803697798
74.9827709980309
54.8633389757015
105.964696756564
112.678231846076
70.26618772652
83.8826233637519
61.4445014530849
62.3182180919684
93.2478378876112
78.8313934579492
82.3316209833138
61.9442576822008
69.5888911944836
79.2061936692335
79.4133814750239
96.2581333937123
87.0305068325251
99.3791559711099
111.164157069288
49.5772736612707
73.9811266888864
54.1830759961158
81.6136715584435
69.5075996918604
93.309681606479
54.5592540525831
56.7264703917317
96.9952489482239
96.2537991465069
108.30617970787
44.5825992967002
93.106100987643
74.8174722956009
105.153367191087
41.0244359401986
54.4928224433766
129.035861111535
66.1726374761201
76.389969792217
81.5443030674942
62.5772648025304
79.4443266815506
94.8194552212954
102.200195787009
53.5971227218397
81.877306685783
68.9172584488595
81.6637072712183
66.6445800918154
67.0506826834753
97.6617527077906
74.0703356452286
73.6214474076405
67.6989013911225
81.8571099429391
76.0924187954515
90.1821452309377
90.8377753570676
101.647701626644
57.0909287373566
51.6870404244401
118.72745747678
111.339279008098
77.391547197476
81.8983551696874
35.2042538768113
121.029976045247
111.639109626412
70.2259122394025
93.1644443538971
95.3192573157139
81.8208855258075
122.403393748315
106.978428829461
67.1035344712436
86.4129355642945
131.720995849097
100.055242958479
96.076360589359
74.3184059186018
107.941230502911
106.808542262297
97.3651730804704
52.3818006316709
70.0465111411177
75.4975925665349
103.158906870522
101.081932138186
89.0820336411707
60.2252059848979
83.5739406000682
60.7726102345623
77.6422096678191
79.0684738545679
73.5942406696267
87.7505083568394
79.9087298568338
79.7608904424123
38.535635441076
111.03712443728
90.4500997741707
87.8078600624576
64.3211627226546
89.5872547873296
74.0114736719988
70.0865958584473
99.9073941726238
76.4527938445099
92.013662031376
84.717604634352
87.0228076702915
70.6164435017854
119.636795285624
85.6222082937179
83.6214383365586
125.521876585769
101.10274128383
89.921193185728
80.7191725587472
73.7188082958201
66.4916138513945
73.6657130881213
123.837355237553
70.205379021354
81.2222043750808
101.266952266451
69.6242638514377
89.1811012639664
81.1319825705141
95.3706951579079
130.753317281703
79.1720333276317
87.7289433032274
57.0398888312954
68.521392904222
100.942346348893
93.5535804135725
114.876205800101
122.358890359389
87.1374135371298
104.839689831715
74.3442659033462
82.2729945997708
68.201808037702
117.45740781771
99.6021024533547
81.7328478729666
79.8924115020782
58.2581131020561
98.4633316635154
76.5925974585116
92.5218546180986
53.4069877467118
110.289624682628
67.1991785871796
79.4296780717559
96.7040007701144
101.420611341018
113.741453480907
125.630628038616
73.9885829502525
94.838601059746
107.454460242298
85.7629060512409
121.981100823829
84.8801857209764
67.2817594953813
88.9665926573798
100.511107698549
62.4681972083636
98.9140305433122
99.5533512788825
57.8922828193754
91.6982230497524
91.0203818930313
93.1130966404453
66.0262481076643
36.2161231227219
79.5908413012512
83.9955325936899
88.0054775066109
91.1280335043557
94.1531551125928
75.6037448300049
36.6907952360119
96.9891889719293
65.6138774938881
82.2619220474735
74.8974317649032
77.9486598217269
83.9452216867357
127.178031338478
113.955885975156
140.101372535052
100.89610068826
54.0969237568788
78.8513086503372
79.3617892079055
122.855269374896
70.5217666807584
115.619562647771
112.39633570658
85.2798555977643
52.8985053417273
89.2175001557916
108.423234452493
74.1515516652726
69.8715317631735
105.52936270833
113.349725364242
81.5909792436287
86.2113867537118
94.9806425720453
90.8357807085849
104.759590153117
83.2232551765628
68.3106813618097
107.771013164893
62.4210694796192
109.819964051712
78.8018097290639
109.835892083009
74.6848951792344
50.9260550956242
79.1122940252535
84.6486427821219
63.6931975721382
62.2495468985375
71.8538707122207
84.3024038748276
105.114520810924
84.011668979656
104.340006927782
122.065320184553
83.641770191025
104.292486212216
77.8446193282197
93.3229420397117
103.952584648505
72.4099834723925
96.2982013239525
65.2472732937895
92.3239583033137
106.485763383837
35.5902358074673
80.7597827282734
115.844960696995
115.5297178193
67.4371138215065
65.6149295391515
113.432024803478
43.0679361568764
74.1624949732795
95.1492220279761
80.0516176503152
87.4753831200521
67.8612559335306
75.7589261513203
74.3668292386865
59.4299169907569
85.7970504206605
71.3098939624615
111.814534140285
84.1335672998691
97.8240694385022
77.1116065094247
94.0869462559931
122.33588644919
111.694005609024
94.0243509481661
68.5885270824656
88.7236515292898
111.258498311508
109.164660866372
108.594075927977
119.426178594586
114.15501703741
98.5602004220709
57.2327300556935
66.8929659412242
85.7717642560601
79.9888522713445
47.7693227675783
91.7472292087041
58.4643751598652
112.283746653702
65.4536739581477
100.516947649885
104.860462713987
137.553069858484
81.7135921702925
84.6192238968797
83.8999822735786
85.2114438079298
99.0786095382646
94.6251052198932
96.095549617894
73.89209815301
78.8965489598922
102.694371109828
112.154554598965
75.6470010848716
62.7886259113438
41.9272438972257
72.2704318235628
120.606896735262
92.856277723331
104.460208630189
98.951996746473
123.931267105142
81.7879527574405
69.4822981125801
61.1772877750811
66.2561161676422
96.2982488330454
60.9323078533635
81.8843174958602
60.0284863961861
68.6081219348125
72.9483554912594
94.1654800903052
96.6231920810622
88.6833262513392
78.4276097483664
81.9986386341043
49.9879630398937
110.868137690704
133.173704564551
56.6074267356955
96.736290899571
81.5084966947325
96.5856365160087
71.1236247443594
107.693365460727
18.9801996690221
82.1658191387542
53.7884564255364
94.4010122446343
82.3599619907327
59.839585102634
117.623658268712
57.9128696583211
65.957902222946
121.406560733082
98.639383900445
86.805686308071
109.088259073906
73.5372766968794
119.884179206565
92.0273640891537
127.915065239283
50.9748121340216
98.3148186288069
29.9343648794325
81.5739446668886
124.505556530418
108.612398221157
61.6721135922001
91.5564602357335
93.2191859115846
87.3499473789707
81.143563054502
98.9719619741663
85.721152566839
36.1476727665699
91.758557560388
130.821781287415
80.9146899147891
79.8986320965923
119.115988712292
62.8528281347826
78.2816284999129
80.1156429573894
68.4590318007395
75.4373220261186
132.949574307638
107.244094542693
60.5184744810686
108.595672738738
87.972536846064
76.3512795441784
83.3657872274411
79.003971174825
123.069671208138
91.1715119029395
70.4440167057328
132.19890488775
113.700924802106
103.39695570292
91.6838062810712
100.983033934608
102.500338922255
103.903368080501
82.3194198699654
36.2713858950883
72.5968456943519
124.595837008307
65.7428849721327
105.827613030485
70.0016725808382
126.756280001352
136.770075785095
117.518914572429
77.6221192558296
43.8064952380955
123.191318281094
77.7436360251158
90.514113754034
59.6788441645913
98.1336185592227
61.4532765117474
82.6409433153458
114.552679227199
77.893761661835
61.5021029468925
66.8191839125939
94.8206717148423
81.4200625522062
69.9865868547931
75.3346107900143
74.7732836327068
99.3518468807451
75.5554576251679
118.775449728128
100.174087092354
78.2008795882575
72.729510512281
84.752798685804
83.1863499013707
69.2484491466083
30.0040954115629
48.8859890381658
55.2537663374096
106.702782376669
99.2440816713497
99.0172154037282
50.0695641851053
82.4478889349848
97.7801019845314
70.5011398298666
59.197505179327
64.1011830151759
102.253049612045
87.8480760613456
87.8776514902711
64.0314190415666
74.7773025169435
99.7107781586237
89.0835921512917
68.0907281175846
114.714657200966
51.6880091898665
111.718863865826
94.7746421676129
92.9590639988481
75.1528806053102
62.3926453468961
94.2690753377974
84.3223745352589
87.9128313623369
98.6214113654569
70.3024180140346
120.515809091739
118.513926351443
26.395169517491
96.4452471816912
81.2152215978131
74.7107521048747
96.1263148114085
52.076352504082
108.227992372122
103.584425197914
91.863275016658
90.2246841229498
73.070151405409
88.3932992117479
82.7961216062319
93.4713727328926
101.0608632816
70.1489576953463
83.3690791623667
86.7839136975817
133.460846710613
76.1643080390058
111.068956588861
93.297831795644
108.981048301499
87.9707702086307
90.8167194575071
94.5395251270384
109.721035696566
88.8747234363109
116.850483068265
73.5070146865994
80.0198172801174
115.017439902294
120.64299932681
79.3099470087327
74.8489912599325
42.3955754692742
89.9575904477388
105.116063018795
88.8859045342542
134.858334476568
46.2302508181892
78.7850993846975
44.2862876923755
79.9265597752114
80.5822683032602
75.2420405042358
57.4925025392087
123.267366403813
78.448315418791
55.7580645474607
44.3457980873063
65.5017142812391
42.83201105427
99.136934732087
43.5544982901774
66.4468398317695
44.2973757757459
67.3294537126872
99.6613341500051
73.7188722589053
87.5200838781893
81.2339172295823
79.666559098983
72.4331585341133
117.181560164317
87.1806151932105
135.459364193482
50.1027742633596
86.5927786682732
110.668562015053
41.1445354227908
51.2141398125306
38.2205464178696
91.4952799363197
90.078046778217
100.704091100488
50.3399940091185
93.6679718783125
119.43044528598
86.1802726448229
97.9979960713536
115.648433670867
129.525534172641
105.076693953015
85.0909147062339
55.9344193316065
95.5668883165345
44.9376564240083
77.3232950479724
64.3639641930349
48.7256160471588
73.6270352855336
65.5395396170206
74.6576619212939
49.5180519330235
110.181286967453
107.785741065163
76.1971158790402
62.2510406421497
97.0330484294233
124.742260521377
69.0398315200582
78.0177131295204
76.6127924900502
98.5957553959452
64.8075702018104
107.27311958326
99.6812933473848
94.1179897403345
91.5138021227904
70.8410431048833
50.2757979789749
71.1435563978739
75.3515329910442
58.9084658888169
88.9732838608325
89.1410150142676
136.694016579638
97.8992136660963
74.9246140825562
85.299019201193
103.556403634138
67.8362941835076
113.37009409085
63.1138774799183
98.5217616544105
44.0349870012142
66.5235176333226
94.9357399600558
88.4596755262464
56.5105815076528
90.0861425558105
67.335182451643
114.047617395408
91.5916124009527
98.1484379735775
103.989777504466
86.4892041194253
73.0526676496938
69.6476203561581
58.8258412200958
84.6502725151367
87.9397252574563
115.700016240589
60.7470079674385
63.2868652353947
92.9814862669446
90.7350518973544
93.3328651384913
99.7518980487631
69.8488921813798
98.2299389666878
71.9934832304716
95.2830011956394
99.4401154341176
80.9762227465399
92.6130842184648
89.4069125526585
86.4477614333429
114.78785200743
89.8334327270277
61.4442154765129
64.5042504766025
85.6158061651513
63.9564874232747
120.884469791781
129.499777236121
67.2093559551521
93.0364793050103
110.141597758047
85.5182546772994
55.2705222158693
78.2672068453394
112.023784720805
91.0369786201045
24.1125350934453
100.951125752181
76.0120430262759
92.6262316876091
85.4469333426096
79.5814124983735
85.3710957403962
104.456852760632
58.9917211327702
88.4479961940087
102.501456241589
128.790762780333
58.1484336790259
91.8857719982043
82.5424677226692
85.1782372337766
76.5275782090612
105.802117788699
99.3902593269013
86.7614478454925
99.0156249227735
88.2756005274132
97.6193578838332
102.652744180523
58.2899529137649
107.7288123779
85.8886420028284
42.251540964935
117.521750449669
103.103856788948
86.2839792622253
98.5383014194667
77.4791877018288
126.109986349108
121.527766097931
92.4599009682424
98.1105957995169
72.5461427355185
56.6023047664203
101.938131148927
79.5144991599955
94.2429516930133
118.389360851143
96.3693460682407
111.244425433688
50.3169350675307
83.2332331571081
110.55802074261
78.6415130598471
71.8071856316849
127.125136849569
97.1913886489347
72.3682766780257
59.2731135424784
78.6791352089494
53.579497418832
105.071791308001
66.4901336538605
94.9559953762218
77.8788728988729
73.311913939617
61.7788498057052
119.019935023971
98.372500797268
111.256808030885
70.5452408175915
88.944426283706
104.173747543246
100.441930792294
57.1843124475559
111.263782007154
102.612202300224
61.3202188629657
67.0878655160777
99.0042598732171
118.893785425462
83.8747427216731
99.5508348452859
75.7888373696926
77.7528474922292
106.065434205811
72.0656983782924
56.9204611278613
85.8976490216529
93.4197728871368
77.1004539332353
104.946859068863
89.6006807917729
62.6623135758564
80.1920737605542
96.3472480652854
59.1617329840388
64.3826645385444
34.4582939008327
66.4542533345573
87.3010860290378
50.3746433765627
97.4776821094565
119.629260897636
80.3241046261974
108.47767033847
83.1094320409176
63.7724130763672
84.7343640169129
79.494841885753
85.4875564691611
91.3351306924596
82.9468345618807
91.4401954622008
87.8678459557705
64.5589494961314
63.3312926162034
73.8686722586863
99.7973484452814
81.0000893427059
73.0635736370459
42.1969432194511
78.8818550412543
76.0464924154803
74.2376564769074
83.7225633556955
79.2674754130437
52.2771186937489
132.43509500018
118.476724042557
145.221666849548
49.0651859436184
82.3271720786579
65.7890266732916
100.881204509642
106.166683742777
116.905922919977
93.1840781588107
87.5801511807367
38.5076651331493
91.132480208762
89.9176808539778
86.3583187689073
88.6605180463851
121.104014117736
105.434774141759
82.3102896451019
39.1438197214944
80.4536392431049
79.4909060467035
53.581365919672
63.0856026429683
71.6481163282879
54.2865018417012
72.5154191022739
94.0064057940617
82.4313925229944
108.21277674986
59.8625125247054
64.0108560794033
67.3581045703031
96.5960871661082
74.6621928709007
86.8816530215554
52.6163881993853
122.888969438768
104.10517611308
77.8099622228183
81.6379104857333
56.69600663241
58.1613513618468
100.228843465447
87.1714022592641
73.5619753133506
57.0566683416257
47.470924211666
66.6989732766524
101.568863424473
109.736867633183
73.5939236707054
85.8333100448363
118.529554153793
51.6020480692818
108.858193072956
90.7493074773811
92.2996451379731
109.616838314105
70.5923048895784
85.9099756164958
109.968545194715
92.5343914772384
91.2370605731474
101.150294137187
81.3693226780742
102.940422901884
40.7141751609743
91.680373728741
54.2733449023217
90.3901239857078
116.246738983318
83.0146268592216
36.9192218407989
95.1349766174616
75.1680480665527
102.336872927845
81.5117958467454
110.307600680613
88.3608425152488
97.7112837485038
58.7301896885037
99.9253255547956
75.0943504623137
69.8596616241528
103.725663211662
89.525060413871
69.3382836458986
123.463354641463
95.0926236226223
105.904291267507
98.2565959404808
81.0734266338624
95.1149796330176
92.7115949336439
109.657327632885
53.3450557733886
58.6344308336265
75.6785536417738
91.1025134613737
82.0058709270866
50.2795124077238
56.9461017497815
95.5287267803214
92.2989664017223
105.208798567764
82.9809971037321
101.442148443311
98.213167686481
78.1140783568844
117.463608446997
105.852575560638
95.6204286194406
121.676403020027
36.4044147345861
92.4699476337992
85.9104765462689
83.9874831028283
75.1120002312567
89.2186489305459
78.3281469458585
69.7401480632834
55.6312877684832
101.855649414938
97.4090528208762
57.2573292534798
105.070994491689
123.569489030266
143.133909806708
78.7440948886797
95.1904356363229
82.5368431513198
63.5747211403213
96.0552273551002
35.3186561038817
53.3582134288736
94.7969027445652
74.629250948783
64.3922158051282
82.0417634588132
72.5667977658038
84.1408532112837
65.8882290590554
90.2533491374925
68.2441891636699
95.9022664930671
103.813964524306
90.0253373547457
64.6280678920448
94.3832434364595
115.065024862997
72.9255293263122
74.9631753307767
77.9365887865424
99.5076313964091
81.136658671312
95.2421421534382
92.2262210980989
82.3433065088466
116.22611816274
97.3881695621897
85.4228388983756
92.5645502167754
40.021723206155
60.1220724555811
108.153250138275
112.658498540986
70.9114637225866
106.825448980089
92.2698655747809
72.6244787103496
103.361393476371
145.674302473667
83.1314658164047
89.9417643784545
70.7121747313067
99.4312084978446
120.060449920129
108.385206088362
99.2863543331623
102.893358422443
91.8652681983076
104.698426392861
105.610584595706
87.6490972237661
105.711838370189
79.3653942761011
82.5000161887147
69.3517186096869
87.0949276955798
97.1365427016281
75.3175396239385
90.102899982594
46.7296191228492
58.4809833089821
81.1838514084923
76.3204367714934
69.7414635680616
94.5075323572382
90.3371824766509
64.4076540685584
67.9679928929545
109.952930675354
69.7686154628173
65.9852651180699
76.5571789001115
94.9391767499037
71.9317938347476
61.7384214419872
103.621000354178
146.647857756211
48.5466923215427
64.2069597612135
67.1352062490769
95.2963560621874
128.796795721432
74.0574568510056
78.3903917098276
55.0885575823486
81.7268993356265
105.061812931672
99.4008685229346
67.6671463217096
60.4569409159012
101.597014477011
105.826208076905
54.3094257410769
126.306350149313
65.8543647732586
96.3762145955116
120.777562435251
88.4508530143648
122.477721112879
124.666305787029
78.3999488805421
129.654152777145
104.304817470256
102.615142811555
97.7664900477976
130.553409775818
133.463139615121
91.890359192621
62.0689827017486
86.7288839658714
62.8125239629298
143.625389823789
97.2833088831976
103.016508836299
84.1049704817124
119.666471518576
87.3942296020687
88.0706603695548
110.059350391384
78.6824743729085
62.2051823884249
42.4675018992275
128.521167971442
75.753587775398
76.7887745634653
81.5453497899907
65.4367706854828
106.40850388445
65.8507245488471
104.902680858504
93.5037259361707
109.07761931885
71.5644996053065
59.5905501046218
68.5281757847406
88.3565642521717
113.984149566386
126.286014301801
106.422969547566
57.2719330993936
82.0799877505686
47.9237913154066
78.7262894096784
89.3586116144434
71.9058806326843
112.9338372848
106.069732923061
99.4061200297438
129.321206834786
43.666821194347
108.204661495984
92.1134455944411
111.454071733169
78.1687367125414
68.1758831487969
94.9249688419513
79.9649338470772
110.642428917345
64.0207362594083
93.0257855432452
75.7327045440982
150.668526782753
123.08149960686
67.7895885892212
72.9302180581726
98.5749684157781
85.4822528082877
67.0009548426606
106.270224717446
98.7684399471618
94.1082115052268
84.5533332671039
92.3555995778711
85.8060902309811
99.5249794679694
96.5699552907608
106.695870414842
80.0560045405291
107.103087771513
78.219000028912
78.1539927585982
71.6655066935346
80.0711774616502
108.555855310988
56.010439095553
78.2637381111272
64.9394970852882
60.0730359903537
86.5627275779843
81.8929835165288
68.1019617710263
81.8320015044632
101.708314346615
88.9081009780057
94.2435161374301
116.208099911455
63.5817208409211
75.2767308615148
63.4725559374563
96.5310850463352
75.0110170687549
61.6903568283003
118.602793861646
76.4015783090144
107.534104061779
58.8111715042032
81.8969408981502
120.938955713063
95.8514995640144
87.9454092355445
98.3019988518208
36.4603165187873
74.8421342404718
72.7739263442345
89.3422089167871
100.053621374536
102.487400232349
77.7529252343811
41.1838141968474
113.379352621268
70.9447335335426
94.7832320772411
130.404074192635
71.8159747542813
102.840338184951
66.4743249640166
105.891773151234
64.9971701903269
65.323185978923
47.4454384762794
90.4770278953947
85.012385842856
47.0477075083181
123.531611845363
103.685936890543
112.868605549474
128.917520265507
111.210968683008
85.9785367851146
89.3471752875485
114.731024450157
74.9105192418339
83.3323657163419
106.704356288537
115.29661034001
82.4887954862788
84.073094651103
108.029758522753
94.1162372007966
107.049084629398
86.9412155705504
79.102063679602
34.1591771808453
71.4260183274746
74.2235610809456
112.611568684224
94.9171971529722
104.657922894694
76.4217776188452
117.751855892129
83.6337902277637
65.1068480685353
90.1662092306651
74.2144115734845
87.2345552896149
84.0800475212745
123.345133939172
102.371006947942
84.3102024286054
66.4403692237101
80.826491524931
112.73943252163
68.192219757475
116.983242298011
94.7866125847213
88.1793614476919
61.6373820545298
58.1112031290449
78.6814863793552
72.0439026830718
100.963196484372
91.109606414102
55.4137076134793
74.6689010760747
88.1083322572522
74.4257727329457
66.7350492207333
63.9172800372255
85.3314459091052
80.6975374231115
87.8663833602332
91.9390675701719
98.0310033191927
86.560310893748
119.982091209386
104.124116594903
85.9431843156926
96.5508527238853
81.8960218457505
73.3253069338389
95.3582267509773
60.8214569976553
60.0657050847076
85.3827849030495
90.7620502635837
92.0972295920365
30.151591533014
76.9919070389352
54.2928780661896
103.149475541431
105.354122282006
113.965388364159
124.959917101034
64.6152109373361
64.7388740093447
75.7749169133604
91.9705195818096
85.2059674682096
125.941566696489
111.736439459492
65.5231358190594
112.657245702576
89.4938193960115
76.1895326028208
33.4963152417913
92.351906769909
84.7958848695271
95.9236157592386
76.6167393303476
106.092876370531
93.9132401370443
84.6141201327555
80.9977451805025
83.8857194704191
54.2997444831095
71.8884325586259
88.7427030829713
102.854686835781
51.4257514150813
99.3503991165198
89.2678305390291
120.680823980365
94.3552762269974
77.765997487586
77.6143090217374
92.4176988645515
94.8692794656381
67.1183567902763
96.9039229443297
102.498925058171
93.8151724869385
61.3430965691805
92.043536901474
82.5996526982635
71.048879601758
82.054744346533
58.3864205749705
59.5972423674539
76.2836967594922
92.2421392519027
75.142407824751
103.284527594224
105.983791337349
125.948515736597
49.5882429648191
89.4447256345302
115.655869618058
72.3241097624481
119.264032505453
85.1275458466262
63.976636249572
66.70386394253
84.6503163571469
90.9513599821366
96.7407934810847
132.964512177369
54.3088901787996
126.179615284415
67.4679096534328
86.3792369491421
112.23858310841
136.726280966817
87.0858625858091
68.1861599441618
52.104232844431
99.3117884034291
74.3541604257189
69.8683849652298
91.5180549607612
95.5540014547296
102.342007739935
20.3477877774276
115.629570523743
116.164979175664
81.6422827891074
86.6315485327505
54.0706465835683
96.2595265591517
72.3723658826202
75.4875633378207
94.4670191616751
84.6750618307851
73.0519885297397
110.100613383111
86.3163274945691
85.8033410157077
69.1931254978337
60.9066075528972
84.9585768650286
119.801375339739
78.1789144966751
90.5724713811651
45.7298196968623
105.510679219998
74.9596683774143
86.5748141193762
91.9204738456756
105.749173997901
71.002139756456
108.233155950438
49.8982314793424
63.9045907068066
130.02931032526
89.890755340457
88.6778895161115
124.552961204351
93.3534996584058
79.2051298893057
110.93792268075
58.5495932842605
97.1403940347955
98.680866509676
52.1345281624235
64.4399088225327
68.8690250040963
94.0890474128537
90.5441512353718
31.6974829416722
109.024094336201
105.278645979706
48.5822058166377
67.1351300872493
99.0038629854098
136.535122566806
102.208515501115
54.2172109941021
97.1127980970778
108.538900024723
46.890192781575
50.0266184203818
66.530932461867
89.3856505630538
98.2345887459815
78.709030081518
74.5978755527176
124.755402693624
94.7317260550335
68.5986483935267
90.1913807378151
89.0980042750016
97.3778937011957
120.245636615437
72.0823500072584
71.0217065759934
39.6369691183256
87.581643438898
68.9275810611434
87.1311860973947
81.2778942403384
104.458825488109
101.484029924702
34.4443820067681
98.7743274890818
95.7956859143451
66.0664401482791
59.8024915088899
62.6604035962373
81.7094925092533
98.6285716295242
76.514685805887
51.5394343994558
100.870717549697
89.3751467345282
84.103918436449
80.0561711890623
84.5388764864765
77.8674329863861
125.16596177316
80.9067857218906
94.0528991050087
53.7760315346532
80.7839236222208
33.2460730294863
99.6324341162108
86.2803196767345
52.8781791916117
90.8463788218796
67.4523330293596
79.9060602206737
60.6695252005011
72.7778673171997
47.9703825478605
90.7480376074091
81.89644534504
104.071836627554
108.836909488309
93.8569727470167
114.528383826837
67.4701766250904
52.641862037126
109.328217071015
106.131340807769
84.1840348427518
79.9749993369915
73.03532398073
111.815010290593
126.583873776601
78.7557452102192
55.0038714776487
85.5460571940057
102.810052409768
78.316682879813
74.0076750439316
80.4764119326137
92.7057790220715
88.4209357318468
98.1116080773063
91.3416420241362
62.9607793875039
100.691001897212
82.0548710646108
97.0394634949073
96.9926600693725
127.73503101496
81.6792357363738
114.786906470545
106.851925316732
120.942611061037
71.7951383554958
88.4385299868882
94.7828596108593
72.3064880468883
66.9786571874283
88.4017678909004
134.404757331118
55.6159669297523
90.3022665011582
74.6672949753702
71.9223337723005
56.2738758094443
53.4163735224865
72.2252061823383
87.8177480655722
80.463291273918
68.5871097957715
48.0634280364029
102.21152609447
76.2965148431249
92.5729702459648
85.1988071226515
91.0729116294533
105.084220599383
26.7799177090637
103.57382488437
95.461053296458
114.301336242352
86.3333718501963
85.8282959205098
63.8008874026127
99.8043537139893
100.888805638533
119.187569839414
70.2016491093673
56.7672237404622
90.1025002705865
126.262888048874
97.2431906977258
121.82123804527
57.5796361203182
93.1725715626832
55.1823136396706
83.3504953654483
95.7150769187137
79.5219202758744
78.6531933699735
98.2889728038572
65.0482976343483
63.0796889425255
72.1630781423301
91.4482490275986
87.2343534370884
118.127758835908
85.5808344203979
89.9259637342766
88.7454618699849
84.3566800933331
92.1463535050862
66.4212484844029
63.7364430702291
114.13837345317
82.4550544959493
116.216244501993
97.0363732427359
37.5662072072008
91.5929861715995
122.419248352956
73.944079130888
95.8393764332868
88.0765911320789
75.3946860786527
84.0297635877505
88.5073828860186
69.7627880610526
96.4529946679249
111.131102801301
108.421429514419
118.873179436196
63.297674471897
94.004562587759
81.7100557731465
115.829028608277
69.7936594170772
69.4673550897278
73.6651159240864
62.0840797990065
75.9264604886994
108.730922243558
95.162063499447
55.5429855594411
95.2502894402885
80.0227263360284
55.9848760390012
78.2843040069565
102.523677621502
71.5359163936228
93.9001655206084
65.1971671374632
50.2783070648965
82.9684191906681
124.214542393672
76.4761873870157
43.4168538265339
74.3967925431207
57.7320780023001
92.9167109192349
124.303332824393
92.9695941624232
82.3765891965295
115.624566259794
125.764960287084
116.774762212299
72.4084431305528
66.1642749793828
89.1372677288018
106.16107864771
63.7373873577818
43.9891423564404
118.993525917176
60.0669755943484
141.966523551119
91.0348481868414
107.889013690874
86.3176667946391
118.553268280812
96.191065874882
87.9110620357096
80.329197878018
84.8276823060587
94.2259532981552
96.9550203182735
54.7521311091259
133.751672332588
61.9741855189204
84.7581800888292
119.711125746835
62.671337206848
89.4342191659057
115.478731761687
99.2778505315073
98.1662120786496
54.278670810163
78.1890888581984
104.775577574037
106.485363165848
81.2225253670476
87.6559743890539
94.8538852157071
106.151066208258
116.891534907747
53.7789090536535
122.481676509703
91.0237700329162
108.129441644996
90.3690231227816
68.9997001900338
108.858237485401
74.6858875732869
87.5789192854427
105.054264201317
76.9825842813589
72.6554389111698
119.610890443437
109.119188960176
103.364621812943
38.9400336542167
75.8510900428519
106.616741209291
115.386296098586
117.451338632964
105.906360072549
98.4341764007695
109.108996752184
112.237402552273
102.98198586097
82.2073085117154
68.1789093883708
37.3949191416614
85.2492318721488
63.4385746670887
93.4010586235672
96.0435001878068
55.1790455358523
97.9156948102278
108.356477494817
62.1955592301674
81.1412457960712
70.9060813997701
87.9704295678407
84.8570656613447
113.48779599648
87.1889587026089
110.017057438381
85.6347204884514
111.164962877054
92.0311312424019
36.9370377506129
99.988528538961
64.1250350978225
101.604611775838
100.480658444576
58.2828634207187
112.255080905743
111.845573794562
33.8792039779946
93.5852935886942
84.8007204476744
84.7288624150679
91.7087430134416
106.210430408828
92.6664115046151
94.9457159731537
58.6700447252952
95.2605711909976
93.4000958957626
72.1329185878858
76.3091220287606
86.8509626365267
89.9130190955475
80.4277385817841
63.610723009333
71.4702323428355
111.783231026493
92.4298468627967
77.1720450837165
109.628322720528
95.6561407074332
60.7236551702954
59.2405509436503
39.8442724253982
105.012531741522
100.58296842374
78.6569496034645
81.4851722563617
39.8031018441543
55.5930505428904
56.7469771028464
54.169526451733
116.090748622082
132.733709776873
78.3329625264741
74.5608158526011
119.623680412769
103.669655451085
68.4617627881273
91.7064293287694
82.6562612084672
70.0963248731568
118.729992734734
66.9930905802175
113.855130923912
76.9951913040131
101.208829169627
55.1070346264169
126.828072105906
104.618178971577
88.1386726542058
32.2034265127941
116.944316134322
102.098925306927
81.3953706179745
78.0649721273221
79.5725159256327
97.8774433373474
82.2360603953712
91.2705130293034
109.917579835746
65.7273601740599
63.0858763703145
68.8095097672237
99.9168312875554
106.931116210762
121.19300190825
47.7054650313221
90.820871735923
92.9899947128808
110.497344296891
