"x"
39.6211427170783
44.440417480655
32.0436623180285
46.7761371633969
34.0524269676422
17.8350301575847
38.7535230140202
47.3034863825887
30.7110831528132
58.9791462725186
35.689449403435
51.0169144836254
21.2958286399953
46.7316444846801
43.1156408856623
35.8103486476466
35.1107067544945
35.5863305507228
20.9418268175796
35.1149566238746
36.3197812430382
29.5113122114523
58.8047872222395
21.4552305056714
14.1852004802786
36.8661940097809
50.1091206329875
41.8477392755449
23.709513572976
22.5412491825409
22.7819827764981
33.6602191806015
32.0354638737626
48.0860774405301
35.012659651693
30.3359807934612
47.0735871931538
46.3067559641786
55.3967661634441
42.8570080082864
15.5737111810595
27.1912386640906
42.0844183769077
17.1497186995111
38.1128172855824
43.5783682856709
33.0644688404246
36.7962132146965
49.6648422209546
37.4106383998878
17.7308621441743
31.7827081749133
37.5246061943471
27.4392724852078
36.0520673010086
46.2154687964357
45.4451119643636
44.1802415647544
32.3832518216922
35.2939896052703
39.2958816722967
29.7900902456604
36.3464252790436
38.2078642956913
45.2115420950577
38.436851289589
30.5058452246147
20.6917638424784
28.6858542705886
21.3238694239408
24.232312082313
34.3389593297616
25.6993543303262
35.370139265433
40.4006039723754
40.6277173315175
50.7757980725728
39.742783724796
35.6070311172125
46.821626694873
45.0566457817331
32.3708738093003
32.9375196379899
51.0331541066989
35.3843898011246
43.2156028321978
57.0720787594253
46.0008405614644
56.6232215176541
44.3795609869994
35.728051175829
34.8944043426679
30.0520277997617
39.6259500877932
40.0299726985395
34.3245186726563
37.44739954127
50.931188010145
51.038628956303
32.8976391814649
30.1681674187144
27.9269959428348
34.6720922039822
32.5920535863972
32.729004509747
40.7414802582934
30.0011410843581
24.6765177114867
36.5627353428863
37.3117964831181
43.277183175087
27.2832385380752
35.1995711331256
39.0677551759158
43.2452473905869
39.3861017888412
48.4114579623565
34.4695547944866
47.6715370430611
35.0803291591915
39.9966233794086
41.2258326541632
38.9681710163131
34.6649427898228
20.8484726372986
41.4074050728232
37.2944705802964
35.0832251133397
27.2942504729144
43.1169029208831
36.2866111260949
34.761128203557
36.3896705210209
36.7442168528214
47.6302151335403
45.6448413633933
38.2528350222856
28.9636718225665
38.1789864390157
37.1005240129307
39.5050603779964
21.5440053886281
32.6823338819707
49.1788366343826
43.1928699254058
41.7357704252936
28.6415699869394
27.6469454518519
45.9277590620331
33.3434539614245
38.4011716232635
42.254068411421
37.7088432898745
44.5324364583939
22.6528934086673
47.292901261244
41.1563088884577
27.9239877825603
51.5995200024918
43.9001053688116
41.8675052002072
43.8835383276455
49.1532468935475
41.6482967790216
40.4005593736656
37.2498250915669
32.7993155107833
18.221935117685
27.6041135626238
31.472970766481
47.1056093811058
44.1812549368478
29.0141899022274
20.5755936680362
56.4443731865696
25.9660692187026
31.7122410169964
38.6367404717021
27.044688037131
48.0680356035009
39.1630772966892
41.6487252604054
20.8799013169482
24.6329543064348
62.3929882856244
14.7742995643057
23.4329308150336
32.217547588516
8.88499039006289
45.0141083529405
46.5001692529768
28.5553184570745
38.8239362742752
24.0788782015443
40.2347317663953
24.4052877435064
13.450752719709
33.2967556553982
39.3281985190697
26.4612570754252
41.3962120888755
39.8643445107155
23.8739840964022
41.3076904602349
62.0870511947358
50.2974396105856
40.4399400693364
30.4945930725677
39.3382767797448
44.8482607025653
37.2921468224376
39.738680748269
47.394510707818
22.1910790123755
39.5004076533951
44.7759714676067
40.3011121437885
35.8264348120429
17.6255644066259
50.742845213972
29.3978608679026
34.0995589947262
30.2275252390055
32.7289689914323
21.9434848171659
34.8875677795149
34.5658768666908
34.5116671524011
49.2616944015026
35.5091928387992
47.3641798831522
43.5840134930123
39.2103293677792
41.8836828670464
51.9773289444856
47.1874763374217
28.0020681791939
27.7686048503543
36.2771332031116
37.4834399786778
14.5225243759342
16.50433150344
40.3755671817551
43.301389797125
38.4326451108791
53.9056448932895
41.6878378484398
36.9758180924691
44.3035773234442
38.9314957195893
26.6783758881502
35.646202834323
28.1809379928745
28.4372982918285
49.2201629094779
28.4468659167961
39.0167425037362
51.7630994087085
47.6348296855576
17.1067268354818
25.4240022506565
24.3166505824775
38.0183850531466
25.4557542270049
35.6628074776562
40.0441652862355
39.6853230666794
35.7481053062094
37.8799700760283
49.0520343300886
28.8962470892563
38.6842450476252
44.1937468713149
47.9138465132564
30.1091580768116
21.5016420464963
19.6505448601417
32.3440044187009
39.1058144741692
49.5172942872159
36.5791587042622
35.4162464034744
44.2131730030031
42.1335335355252
31.8241479923017
54.6585913948873
33.4282698808238
38.3533419691958
42.3799845040776
26.6094250864198
48.9046995411627
40.4307723087217
55.4172106288532
52.9070488378564
38.6083410936722
28.9031098480336
37.2889320133254
41.4492288837209
21.9671939732507
27.5802219402976
47.2013917635195
24.6543784743937
36.8223027675413
37.0496701681986
33.7227969313972
26.2790512232519
39.8824433446862
15.1961596594847
30.6932083768708
40.9735638415441
32.9756174585782
28.5617417190224
35.2167028700933
23.0420180945657
33.1579564721324
44.4760246784426
33.3857471239753
26.9326344248839
17.8263855865225
60.2222107065138
36.1585223232396
25.7388859055936
37.8116345149465
24.1457408884753
13.4860334011609
43.4586640563793
47.182375495322
28.8984967885876
33.5352660273202
41.4378331974149
44.7792460327037
45.5371775664389
39.8314809892327
39.5415407256223
27.0988057251088
44.3925592931919
43.4732722816989
40.1891749701463
33.327097480651
49.9871994252317
28.1397116644308
44.3876684526913
11.7317279800773
30.4760472419317
44.7141467942856
50.1243753475137
32.5681187328883
37.6349438913167
41.7881172192221
20.6547832698561
27.2717531277374
30.8742183144204
40.7226439534339
35.1231853128411
29.5977350324392
38.3843798772432
32.8210548587174
39.2244302784093
49.2793020559475
43.4489016537555
37.2428114293143
46.8212329898961
33.2263574819081
31.5752200665884
29.8779450240545
38.3365534002331
53.3685645988369
30.5138773284853
49.3107818998396
29.6299814712256
49.7219510260038
24.2544764536433
46.5158143628368
29.1534855771454
34.013159259531
50.6008074386045
50.9967614198104
44.1650139866397
44.9969448032789
27.1922960761003
36.5768778487109
33.44003347612
26.7130530170361
24.1649476694874
41.4841568330303
41.1723471013829
25.517192739062
38.7320151203312
19.6861763019115
40.1863805220982
32.5203736312687
15.5208145186082
33.8918799070291
29.0722818104177
25.1479491591454
31.5984213491902
37.9263390858325
43.0963667691685
52.0210202751839
35.9415979706682
28.6311284056865
25.2756734727882
46.2158794747666
32.7483665663749
38.7118274113163
42.0854855328798
22.6304384297691
39.0335138887167
42.0197787811048
35.1828381652012
27.4185556685552
44.8567736777477
52.6624280927861
45.197890070267
48.1416420196183
45.4441863228567
31.0637811315246
18.388004469064
17.0755098341033
34.7737998585217
40.6868331483565
34.9751815432683
38.1427069776691
23.0055160238408
36.727596342098
24.45011911366
49.2361070006154
34.1503292438574
35.2616379037499
30.5231646518223
41.745190077927
40.925122029148
29.6677411417477
35.5623828676098
38.6290453257971
44.2232697503641
26.864073460456
27.9053443693556
49.6333721908741
31.4911039313301
43.6143816914409
40.7452051411383
41.92550877342
23.5790215898305
45.8146178629249
21.6172622269731
32.1059881942347
39.9474046309479
56.9892868600944
36.6979245445691
34.8519417224452
34.6681715809799
44.7243952075951
41.8377742753364
46.3327747536823
26.0252171145268
39.9228348978795
28.0572271090932
24.6809252304956
41.3463714416139
50.2733259927481
23.9559122235875
55.3070473939857
44.7110965847969
38.7541311560199
40.6384911155328
39.3782280146984
40.652759349905
35.64374120906
47.4095277604647
36.2639463116152
28.0479363980703
38.4642557823099
25.8544606928519
21.4989902927266
35.7085270956533
41.216811118366
24.2431321064942
46.6211471823044
37.7457029884681
55.234856852483
23.1591569460933
33.9129050262272
40.0343745946884
28.656705992762
28.7561739084341
39.8680739686824
46.3197201839648
24.9608566635288
32.7721993555315
28.3013159176335
23.7783918281732
22.2898103180341
38.8287484296598
45.185186562594
29.2914427587887
43.90567074297
35.2454257651022
36.4712765906006
32.5037167640403
26.0739183286205
36.5927596343681
25.3443212946877
49.0830855074473
22.6715494296513
34.2042643111199
24.2692646803334
45.1281463145278
42.4699402763508
38.7563930824399
45.3224774217233
28.8948940462433
25.0279252012628
26.5798819522528
32.1663281531073
52.6086612571499
34.7610121630572
36.7442054674029
43.8157341792248
40.6766765518114
48.0900299269706
39.9955412023701
37.3951394576579
41.7526226956397
49.1575105581433
39.7525414658251
33.9729436906055
11.9749639299698
23.9507329417393
50.9547073510475
30.8167864133606
35.3040219447917
49.085385852959
41.1445542714645
37.7862995660753
25.8288004668429
42.5028662430122
30.0450284848921
38.9543471021539
29.0210389299318
28.3079883316532
37.9024672438391
21.5583192184567
25.6219519036711
39.3596500740387
46.1164731765166
25.2326906157416
43.6726282350719
37.2281532268971
25.555470935069
45.2601243392564
27.6892387191765
37.8484081942588
35.8553092461079
37.0874869404361
26.893024351935
38.6330769164488
45.2130656107329
50.3323958488181
43.7193722929806
24.6341317542829
39.1157155000145
39.9383913259953
42.6542751607485
36.3095911801793
48.5583902103826
41.5023692767136
41.7403492843732
31.2049314393718
43.0042365565896
34.8918232010706
30.1438167574815
30.6545086554252
38.356777082663
35.1951239746995
15.5269625953215
36.5503007895313
30.6140963570215
32.9911207314581
43.4769999585114
52.7436701361945
40.3667354956269
48.5872963052426
34.3166397884488
35.3509582148086
33.6126658134162
32.4736802838743
35.4747403529473
43.5816617798992
24.1202345644843
28.4950241795741
29.7967978636734
49.704258190468
27.2134888381599
41.2412642268464
48.039894097019
37.606326427689
21.337098616641
36.0629966287968
31.3680067231443
48.1469801045023
41.8828092631884
60.1326602665882
41.153351648245
41.5173483663239
46.3719746447168
41.1722365999594
35.9106836956926
35.7266364502721
33.0957736470737
38.5728211607784
35.6446413206868
36.1780585139059
60.7153911338198
32.3823736980557
44.8434358695522
22.2363962711054
33.4195344359614
31.899637297744
41.5195458219387
37.1025071712211
45.1090514310636
54.9082023060107
40.9229992423207
17.2960227938591
31.3361089560203
43.0318044265732
29.8029049183242
45.4568980727345
36.3207998103462
40.4310362180695
41.1491758836377
44.3203928181902
33.6704838671722
39.1131489537656
20.4357453870185
35.5090526165441
17.4693493667512
27.1494606393389
33.5528758358027
35.287189472001
25.7774280416498
50.1223859377205
44.6456537232734
39.2673880211078
22.0444223881208
35.4424600722268
36.4287932252895
25.111841072794
44.9700040742755
32.9552158364095
42.9632727988064
46.3149655493908
33.7857639988632
46.4132015244104
35.343942954205
33.6103825829923
33.7197031010874
50.7323217694648
27.5695467475112
24.9664932489395
42.6500277360901
35.9211010392755
38.2591072004288
43.1285482482053
42.2814598074183
18.9902671147138
44.9859881191514
39.7050222731195
44.3349987384863
29.0024496847764
40.459159319289
42.4784226925112
31.0440696543083
53.9607456851676
25.573642202653
39.3628246150911
35.2851657313295
18.6549521866255
36.9118798873387
32.259079744108
34.0265974053182
25.2922988729551
36.0317689483054
31.0019455617294
41.1284700075749
44.4462436018512
46.4118067757227
32.7972566359676
26.8990639946423
50.3691347083077
50.2509186160751
42.0710374368355
30.4385842289776
36.1821050872095
45.5114997457713
32.1583419106901
44.60746870609
35.8287196489982
39.8541074129753
27.2281694691628
38.5381363855474
45.0267653446645
38.8756067782837
55.047190954552
36.6134010488167
48.6648241407238
32.8236640314572
21.7034267960116
29.2154655229842
50.7636009826678
17.98072460806
35.1322366856039
35.2174548483792
26.4647170202807
51.3200653949752
35.6314572156407
37.7256385632791
51.5717221191153
44.3640434998088
38.4234467404895
38.7230429565534
41.9868525583261
27.9886124306358
24.8940835590474
41.5502323885448
35.6295117060654
43.2045349152759
19.0844939206727
33.0631522461488
37.779850512743
51.0104379965924
34.3942775507458
21.4570852811448
57.1777571659693
47.0702754669974
40.7747047254816
36.2717594672218
46.1511259549297
24.1673543583602
37.5698196531417
26.7689403612167
32.277641846232
47.6632187725045
39.2203945666552
51.5182104776613
38.3139861049131
22.8374331607483
30.8203943445309
35.092299466487
40.6770072528161
37.8159386571497
37.5873529817909
35.0208366871811
47.4370552226901
44.8624920216389
39.6295869257301
34.2601536191069
49.2356371949427
23.843944456894
29.0837676169769
25.9084552992135
41.0253291134723
28.7496841745451
36.6249104146846
34.5502558280714
42.5917453598231
50.7820644183084
24.8406126396731
39.2920537269674
33.1634984118864
27.9139875434339
39.7776215337217
40.1648469851352
41.6435124934651
34.0245418832637
34.308983408846
38.500470585852
38.6668068123981
39.8230453107927
39.4931488755451
30.0954154925421
29.2641181033105
35.7513429480605
37.9908881499432
30.1305172088973
23.3092900526993
28.8318605278619
37.1843183529563
39.3726090551354
30.7463931734674
42.9175808473349
46.0477091604844
53.7354474446963
19.0860285386312
41.1416368702318
29.7126201563515
25.8344459580258
42.2840346582234
14.5178743754514
52.1799050822066
29.8046381812055
46.5438093524426
36.8763786857016
38.5276859018408
30.98401430573
27.7491219341755
43.0684432270937
52.6208768225253
26.7001271713525
26.8016108195297
32.8695380827412
47.8802769212052
36.1631952342577
38.3964110864326
38.3111912291497
46.7086615157314
39.8266627569683
38.9061757712625
44.0451363735906
31.3799684168771
41.2801434861513
18.2387987786604
30.2461266866885
28.095735842362
23.0634103878401
41.7948187678121
20.7161935628392
24.8892004117741
51.491689577233
39.331173307601
22.9807400479465
37.1596389217302
45.7581025437053
30.8130579753356
45.654169375859
28.9415547042154
53.8712220933446
17.9779631202109
41.6432146914303
36.1103669274598
21.6261765387774
33.45800510142
48.0230980901979
44.9637983227149
40.2096245707614
23.6823156201026
37.9653863143176
36.6382612497546
36.6798743256368
33.2366090384312
33.1456126528792
46.1733721196651
27.7654687671868
28.3379735774361
28.9106115465984
48.1653846683912
34.61451404728
33.0244298209436
24.6664219535887
48.8625765661709
26.286230084952
37.0307130622678
13.1737723742826
35.5817193514667
34.956859855447
35.971413902007
20.2137300046161
24.18791083619
24.5340427089617
50.8103626314551
44.6369090932421
51.6763285500929
46.4213404920883
38.3319574641064
45.423506735824
9.68021631706506
43.2863677153364
28.8085118634626
48.7347620772198
31.5003371564671
42.1966487774625
37.1540495194495
49.218914390076
37.153204344213
47.3451000871137
36.0616992797902
32.6615815632977
54.8219889906991
30.3272999520504
37.0767849963158
43.6424967600033
47.3523354157805
45.3648794442415
48.2447249698453
39.0158577781298
43.3953150291927
41.9597580330446
49.8725388635676
47.5482678506523
35.9883583034389
40.7675992464647
33.9604871696793
43.8981409999542
26.6479552723467
34.9967616959475
43.9287937944755
37.3073851573281
38.4549052803777
16.975052759517
41.6758053819649
26.1046721157005
30.2982549997978
46.0395936970599
22.2935260581229
37.113045877777
37.7350866096094
24.213122902438
29.3544024461747
49.4120981893502
48.917762527708
28.8949643843807
41.1412285175174
14.4355766940862
26.389484165702
40.3691539191641
29.4227088203243
30.354016518686
55.1673118042325
49.2068639025092
34.4443070353009
48.6838103737682
28.5624593147077
38.9153603813611
41.7582389268785
40.399934432935
42.8308545844629
42.0622793608345
54.2871840723687
45.1236654538661
48.879684030544
34.364193957299
38.9890290680341
38.817598647438
46.8363343155943
35.7388035859913
26.9729638618356
35.4441742490881
51.2029581936076
35.4112661560066
38.6920385761186
23.9189835782175
42.4404823221266
46.8412752728909
15.8508933965858
41.4838343393058
41.5778043796308
42.1068207942881
49.247920664493
42.0187112758867
36.0869120922871
29.401234065502
63.0141282422626
31.5052307210863
46.8535208143294
31.7768310570638
32.5053842389025
31.898530991748
33.5630456102081
25.0727485222944
23.3771014376543
39.3637950299308
57.4008457796806
36.9650191976689
44.1764349932782
31.0408390592784
30.8202340520162
18.2267050724477
29.9132426502183
37.0623442693613
29.2961778701283
27.1057046600617
27.6786015414082
36.4137056363631
39.7124510840513
38.3768248488195
23.2020774506964
35.2064682869241
42.3251342377625
32.4970662477426
16.1933407732562
31.442234502174
14.6226833690889
42.2834126860835
22.8572902036831
29.1961728669726
29.2379693943076
38.3554065017961
18.3992285979912
31.304741743952
33.0923636793159
35.6240919674747
38.1056268699467
29.6065015951172
39.3046152236031
24.6898126943602
23.6699670553207
33.2440686179325
25.5980929825455
31.8038374534808
38.9226903556846
33.0196337308735
15.8813961083069
44.1753750666976
37.2992703225464
39.2443842611891
28.1186215002876
47.7526400238276
34.5679085003212
40.4446196858771
46.3670949800871
34.5017707091756
51.8848091480322
47.9547897703014
50.9224709356204
46.4084074599668
38.221339636948
33.3452975261025
32.8942738124169
45.5158322118223
25.9762259097224
26.7435797257349
43.2529671234079
29.4227986363694
27.3157282616012
36.5779682993889
28.8947978639044
47.3970276187174
39.446423726622
41.3951259688474
38.572590413969
29.3515932905026
27.9144576285034
44.9394721887074
43.5580842546187
34.5887649804354
30.5436544935219
43.1013155844994
34.3975705701982
19.0782157005742
38.2731677382253
30.0387584720738
37.7143907477148
41.9253181200475
44.019254646264
35.5193189030821
50.5495551740751
31.937136745546
49.6937547577545
27.2295487852284
52.6798394011492
44.6422098088078
27.385677897837
49.0905231019163
36.5147903678007
38.9283193624578
40.9092980087735
36.0876310500316
45.3516608686186
30.3845065022733
53.9856405179675
34.2971196281724
36.0273036290891
43.9627071842551
43.8422913313843
28.6034405697137
31.2868623062968
35.0555652868934
44.0594040672295
32.3801201685677
35.6527405441739
20.701952957053
23.6523185033524
38.0936029949225
34.7597527666949
38.2398622634518
30.2765722037293
30.5261986459667
25.9949092520401
43.5158222797327
29.0858308308612
45.3114422620274
40.6307821394876
33.4936932544224
44.0076146973297
41.8793535442092
45.0096834101714
19.4942871826793
42.6108308485709
36.1487716552801
35.3697817423381
30.1081464160234
45.0455279555172
57.7984070998249
37.7150052110665
28.0849313374412
27.0325492951088
32.3019626433961
44.9250957928598
31.6552228177898
38.1753743975423
47.6716717123054
36.9669948122464
46.319732023403
49.6982896118425
43.9851968782023
41.6705311392434
45.7102378131822
43.4303132467903
42.2752345679328
43.6639068298973
27.7892268262804
44.330493430607
25.8031245548943
45.1238024630584
34.7378128906712
36.3829931477085
32.5757371145301
31.4271903829649
47.7522961562499
52.3558617305169
37.1334868948907
50.5670782062225
41.4944177144207
38.6077611590736
61.4137690249989
42.6027749180641
42.81289530918
25.5964776151814
44.709786074236
53.2978244175086
36.2782756369401
58.108090761536
35.5111004202627
33.5013994714245
34.6708950407368
25.7494252757169
46.115506219212
26.0006589286883
52.6904332071611
34.2959015979432
30.4921164060943
36.8363422807306
50.8068583672866
49.2895483909705
40.5511547229253
25.1036824115948
36.6016107145697
26.0849921456228
38.2468636496924
43.3706740499474
28.4844407916731
39.7886002901942
43.8782742479816
54.7584064506152
43.7989020952955
37.8036765265279
45.5825773067772
32.4935610755347
33.092735783277
40.0416227756068
34.3836614512838
39.5303613971919
35.9073484665714
44.9785550474189
37.7888455870561
48.8078449037857
37.9455693298951
36.2872284720652
20.7160723395646
39.270777348429
39.4689019425961
34.9583489703946
43.6042977380566
19.1573838237673
50.1201512874104
27.2038945695385
35.336237330921
39.7408458637074
28.8649528897862
42.1751309651881
29.3675974504987
41.0148265887983
40.7953821471892
34.5794712309726
36.9149788864888
34.9523878086682
22.6385866524652
47.3947620252147
35.6609858223237
25.0608098809607
43.5807194095105
44.7016592952423
30.3172238753177
26.0190088651143
47.6396813057363
39.7695530788042
56.4019049296915
49.0410329774022
38.3579800603911
41.9946165871806
28.5298987640999
54.3253408946255
46.5036127832718
42.2909008688293
30.2264995750993
22.4066143820275
33.9554765378125
35.0655859918334
38.0453101359308
41.070412681438
31.1643607565202
32.6697061769664
26.9432486384176
36.7812593118288
32.8925703302957
35.7075686333701
45.1497565372847
31.6070354463696
40.1046946062706
25.9686440695077
43.0601225816645
30.8417048770934
19.5227331714705
39.9696725537069
35.008449918994
35.5311313876882
27.832976390046
19.383331364952
35.0168091827072
37.1558768791147
32.2968483553268
27.7013012208045
32.4324411456473
37.0357252308168
35.4217322892509
48.5938954632729
40.9480421724728
55.437187987023
30.3832099889405
46.7289211247789
49.1227503516711
27.8980806819163
37.1578984544612
35.2140416507609
38.3628158946522
29.0175685775466
28.5471388371661
41.4232842042111
28.2924327029461
37.9452104098164
35.7789779979749
43.3379777823575
27.5921724736691
49.8304842039943
35.1608263794333
22.5161145091988
38.5334889314564
30.9547247132286
33.7752135819755
28.8032758631743
49.8799059307203
13.0869281580994
21.6894662124105
34.8072024062276
46.0879856022075
27.2723525997132
33.5062830126844
54.5243400977696
41.5055830031633
47.1406748634763
31.2506428993114
28.305962914601
37.8662595525384
30.5401774356142
29.2460997356102
37.652868591249
37.2298855916597
44.6430739131756
32.314746058546
50.4946839879267
26.670031005051
58.9089892912793
35.9409851836972
29.202586656902
41.5682230261154
36.4241541246884
42.9830510518514
44.3825467955321
23.7589997503754
36.519502743613
44.4332555984147
46.27590989694
44.2414631601423
36.5169724565931
41.0989365773275
29.9420868046582
33.8052623905241
19.0156207303517
43.6612981022336
49.8389753862284
33.2256581517868
47.0929989824072
33.3165741059929
34.1558626969345
16.2013722932898
34.1399674653076
48.0555126559921
30.4716663045575
14.7230427156846
35.9253995586187
46.8310518655926
33.1008793087676
22.3371257068478
42.0228006318212
38.4672901360318
38.2151910569519
49.9153776559979
34.9038357264362
20.8555600889099
32.5332539621741
25.2882283711607
27.2862809943035
36.3931262400001
30.2950928369014
34.062267083209
29.0865052383469
18.1046448858244
44.0514761404463
16.3055503391661
15.3434035833925
35.5425122659653
42.0517354505137
35.7886171786025
37.4496817588806
32.8645613975823
36.8406877387315
37.3805196722969
21.6455823043361
44.5172724779695
49.6637888951227
23.749655373379
22.5839086394782
32.060810783878
41.4394817780703
58.7169701900491
37.4360567308031
36.2372359377332
38.3419649641301
18.356033985997
24.4927340070717
45.0939937960356
27.5591956218705
36.1421075533144
35.8891711221077
43.8153669470921
36.4231069805101
15.2678178157657
27.6395158644931
33.5483946535741
22.4516125512309
38.0346892123868
34.424319548998
38.5626285201699
48.9391890121624
37.6772666699253
9.76151978918311
34.3809943995439
14.1015771660022
32.2777336346917
19.6687821491713
30.795126396697
31.4415540662594
38.4984109550714
32.6179882931323
49.7653212281875
40.3465932584368
19.748690945562
39.5175229059532
40.1808714004221
28.2884928979911
27.3335342528298
16.1476772278547
31.7939677275717
20.8332901122048
52.8250914955021
52.4620940568248
22.3997021107806
36.2242134610856
20.7949501641503
20.7681475672871
45.1507529010996
30.8904443518259
52.2193255057643
20.734881889075
25.5380468443036
48.9611435565166
30.6256369299211
20.9560421761125
33.1889351131395
48.3837116276845
46.1066788178869
27.9462805367075
46.4500138679682
31.8619171623141
54.4761336036819
27.5336254388094
25.141038156691
31.64812407922
31.4278222736903
36.1441792015206
36.7292804322894
29.6214133791017
46.3015626068227
34.6537961508147
28.3476194366813
21.4766271645203
39.7540680714883
20.1810181606561
30.4809231427498
29.7637720825151
29.6694281346313
24.3184068705887
37.9786752515456
40.7471422338858
26.1328273569234
51.2000379036181
31.6915505798534
35.5038171401247
28.6285267327912
15.2521167648956
43.7807358219288
47.6080005755648
58.7241608152324
41.2807551445439
48.4897247515619
43.4561824193224
40.5558534432203
38.8476004824042
33.319964421068
17.7386731258593
29.8680579755455
34.280018939171
11.8906224262901
42.9698203923181
31.8640981335193
33.8720270432532
42.2232304466888
25.5559877513917
42.6467174230731
38.4721145579805
31.0538362828083
36.3380674389191
44.0377192455344
35.7516281224538
27.6125519536436
45.0343913293453
33.2179941935465
19.0270699560642
27.0307212369516
35.8795411186293
40.7513726153411
28.2555764996737
38.3504237397574
41.4027998456731
38.5788863408379
52.2187706489217
25.9596841293387
41.2302698241547
52.9508868200863
46.6249907389283
36.2095557153225
42.509999172762
31.5220702090301
45.1005380717106
48.799443198368
19.1714657703415
38.7772968504578
30.8460792177357
46.9764752662741
21.9451903947629
59.1324551232317
26.5719565562904
21.918684342516
39.0454224427231
44.9414477334358
48.0308749945834
39.7946130401853
23.6621505115181
28.7462420761585
10.1842230001957
18.165342431026
11.1423874658379
30.7856481974015
35.9606691054069
49.1458673961461
42.8284929353761
42.3593314946629
42.2439811402
33.4759234800003
34.8658842500299
34.8122295923531
38.1974723073654
42.9472912335768
9.96554735941192
38.1330776028335
46.4700088952668
26.9573605965295
30.3027878282592
37.8486596862786
45.1355270692147
41.2992775440216
42.9718268103898
38.6460141395219
26.9072983763181
34.0258846292272
32.9413985135034
39.1957390587777
41.188433370553
17.221059941221
36.5757794701494
34.3281376291998
46.6878854669631
37.1265344903804
29.6008905745111
30.5894783581607
35.3476140531711
50.0036779674701
41.2050526938401
50.263146799989
35.3488618740812
61.9288291517803
27.1629810333252
42.8556641447358
50.2924750093371
37.9270766163245
31.9905400509015
29.7100261668675
34.4889445538365
36.7022109450772
29.8128851784344
32.8079631373375
46.8228902784843
36.9790993630886
42.9493349511176
36.8731714552268
35.6616751640104
18.3281754301751
49.3291889433749
36.527094670623
34.7813616748356
27.3654565215111
42.6841727457941
20.8915821625851
46.4700561133213
36.5203571040183
29.7922544879839
34.6255481243134
50.2971312613226
27.6328583364375
37.1330184163526
35.3673011879437
15.4118839418516
49.3784802267328
26.3121332113875
20.7459028693847
32.9993361806008
23.2633925067429
46.7302539967932
34.0452980948612
50.1469835755415
30.6100269779563
19.6299987961538
12.8623866476119
41.34885747917
50.0367055996321
41.39982336313
42.3889111611061
39.2931320238858
29.4373299926519
32.1275589346769
33.0692842486314
24.4256167556159
39.3574947025627
53.587683124111
32.5809027766809
55.2997263120703
23.5162743861828
51.5071467845701
35.2525583817624
33.420730708167
49.6119397343136
25.2276074141264
38.2328858482651
23.7805089564063
36.6577382432297
49.3676421116106
35.9194616088644
35.5512202251703
32.942161266692
41.3396751042455
33.310921874363
36.2206010730006
35.8840951812454
41.9261985342018
47.0841492642649
32.3406965704635
24.2413992877118
25.4083355306648
31.1193925794214
29.6478050295264
35.7194126117975
26.109059387818
49.5766043895856
34.41783094313
32.1471823845059
57.9639471337357
34.1326834555972
21.7075123800896
28.4885373199359
44.3365659338955
43.4476973838173
46.8010823708028
29.6940888511017
37.9420161125662
30.3910965565592
45.2414976947803
40.9952533082105
28.0683226534165
46.4939075871371
40.4395379126072
53.2538044700557
43.4884094400331
51.5817015082575
32.0669353357516
42.9901304771192
18.9037315642639
34.3827522243373
36.7072715889663
37.4077395071317
40.6022987910546
41.4674609899521
47.7587133469987
42.8817315143533
33.8635189225897
19.3601008155383
17.6489185891114
37.3982709017582
45.3273747581989
17.0171493917765
51.642629946582
41.2739579100162
24.1547188488767
42.0914285467006
44.641939282883
53.8964479897329
32.9695882857777
54.4753350518802
21.7735279051417
37.6220945734531
48.2599488459527
22.4286113516428
33.4588402314513
37.2875493485481
49.9388861004263
44.2754150019027
45.9479862358421
26.2423853544803
54.5766754525185
28.7572283763438
36.2022087593351
40.7097076415084
29.0716725052334
52.1562452396536
37.6254946924746
48.2915082131512
32.9434494604357
49.1953720338643
36.9921432808042
40.0483372039162
37.3132322682068
19.7818345623091
46.8742171302438
55.7371116910288
25.7572516682558
51.7985099111684
29.5689198500281
35.6973424321041
30.8289000880904
29.3405291611032
30.4152027354576
32.4818242806941
30.169047054369
44.3242201698013
23.1879520929062
29.5017293020549
31.0933820321225
45.7114947843365
45.2839100849815
44.5832576486282
36.2494254251942
56.745501301826
17.6647302811034
41.9561965973116
50.1596042071469
42.1127827540231
35.7560689095408
35.5232945177704
32.9515026882291
19.7628557235914
42.1864520874806
45.3004893497564
42.8903153864667
27.3252279963344
37.2715300137914
49.4107316248119
32.3534838971682
43.7452973099425
48.9811094943434
39.6077397046611
33.9098335401589
54.307271352226
43.6113637173548
34.7253044717945
15.0064596324228
38.7149907415733
35.6778401881456
38.8621619122681
53.0490136629226
28.9228271576576
35.6762248207815
43.5719922767021
14.6621094318107
23.9895343431272
40.57022446068
22.5031672976911
9.8025033948943
41.0323668038473
34.4533394789323
34.210961102508
27.5922765838914
40.3799548745155
34.929750720039
22.1398625945162
41.7322410503402
31.7066998570226
32.1729526855052
51.7734714201652
20.4310559201986
34.2182705441758
27.1580061293207
41.8400546070188
37.0714510674588
30.7576370076276
57.4586274769315
37.028286815621
32.0268665556796
46.4028454734944
45.3257521614432
23.8162243855186
40.4774659915167
24.5077442061214
30.9000745648518
37.5142948973573
32.5492274038262
33.4637636784464
33.2560286507942
46.6382328886539
23.9898406667635
49.1767753846943
34.6451604605922
37.4589592334814
62.4158317928954
30.9715249459259
25.3073592579766
40.5455557163805
45.5881428904831
50.6067932699807
27.3190415014508
29.0609942664419
45.0233434676193
20.4459613810409
38.2378334731808
40.6946841627359
29.8361016204581
47.3079744726419
36.3046598271467
25.1452357973903
35.7256585964933
32.4982848981928
36.6292869555764
37.8770041169483
46.3755513424985
24.527597730048
46.1761643411592
41.0544265410863
34.70787164988
35.7569345156662
39.2932515358552
33.3427420933731
37.1072035515681
30.1874459604733
28.4406872699037
29.1537581942976
33.5433844685248
41.4171204320155
35.5628964607604
43.547656503506
49.3884543073364
26.254375919234
45.7043835078366
26.1665556114167
51.0206674458459
28.9983913790821
27.5307770236395
38.272468582727
29.4091217103414
23.6305004451424
29.1860718280077
17.8493618150242
28.3833099165634
49.3658543913625
32.1823679376394
45.0101019116119
38.838373858016
34.0350580983795
39.336911254316
29.721855756361
52.559866706484
39.4035537843592
50.2696262905374
30.7381449616514
34.4714097445831
41.7794502340257
36.6845869459212
40.0650095078163
32.3208925624934
28.7068669684231
37.7001415821724
26.4182691578753
39.7602609248104
32.0039990783092
23.4398128464818
46.3671262026764
19.5059795914384
34.4423310365528
45.9098933148198
39.6549182407194
40.4436771694325
22.9992218082771
18.0836112122051
25.5380586138926
50.414789817296
51.3542261207476
27.5843099749781
37.580231402535
32.8477928764187
23.2340937014669
35.4310130118392
48.4994609607384
44.4949731230736
46.879253082443
40.6080690958965
23.4599609859288
45.4462368157692
39.6814249805175
45.0905095785856
30.872237321455
42.8791453479789
26.1352174216881
44.4549480336718
36.7201658897102
48.6645179917105
31.9546197890304
37.5138928298838
48.4575093258172
38.9964834437706
44.2638993845321
23.9961151848547
26.077315534595
45.5672918935306
46.2705967482179
34.9124382482842
25.3557448298982
32.9596157418564
41.7373335536303
27.007947899857
33.604367414955
26.2860744876544
46.1757161188871
18.9775140839629
37.6480809529312
31.2562158680521
32.1305212564766
35.5593390649022
22.9167219134979
36.1951812752523
28.4069868852384
37.1095646289177
48.4759395942092
35.400307062082
41.2204267457128
34.3988636741415
42.0816356549039
38.4957520058379
31.4549063681625
37.4499727506191
22.3297016808987
44.5719153620303
35.1592251155584
38.2690514903516
35.6314277392812
41.166194435209
36.4909226889722
41.0692351288162
28.5844497615471
39.5680615562014
33.0919427331537
42.6666404935531
30.3535011364147
43.1509196874686
38.7952406541444
32.886136835441
38.9579948270693
54.1179078599596
38.8830675277859
38.7082118424587
20.8056705538183
35.8586692018434
28.192051812341
43.5921503696591
16.5721856290475
39.7091078571975
26.1362798977643
43.5266526175186
46.6822049813345
46.1144587257877
35.973852337338
35.1381703745574
43.1336948415264
35.4668770800345
29.9484600545838
50.5328674335033
34.1107925749384
33.3163313101977
31.6123928991146
45.0265152845532
19.6084903087467
32.8738633543253
41.6801860343366
43.4423166560009
41.7999375611544
41.6207092115656
23.3559896587394
51.6708476934582
35.5804276652634
40.0067794835195
24.9429185814698
36.494091397617
25.4637164762244
21.7824911773946
31.6107595455833
39.9847754160874
38.6820193729363
20.2567046508193
42.072643165011
33.1829063245095
6.8255766062066
38.9414048055187
46.8319207895547
34.0617324183584
34.3042880610648
33.2724411855452
32.840683136601
45.944669272285
31.7448011599481
52.3031637273887
33.2140759681351
40.2626955765299
55.4365478890175
28.6615017685108
25.9685477857018
55.6690038693731
27.8269511181861
25.4739027936012
33.5063087521121
30.5070865550078
31.5186747271911
36.2646486377344
44.6128074545413
