"x"
14.5336181167198
2.22357160295193
12.7601171960123
6.52543986216187
14.4212618353777
12.3386852534317
12.2220888733864
20.4336419638361
12.9720597295091
7.95303408522159
24.2293855408207
20.7317036110908
21.3804873789393
7.81867951154709
32.8239667229354
14.4472119631246
20.8152017206885
17.6843721535988
20.4960332717746
16.2372131238127
5.35376754584009
5.60058988630772
11.1910229665227
9.82798640616238
21.4413882340684
19.6962978341617
14.7055675741285
12.9626596400878
6.64104265160859
23.7443025573157
15.6465014976782
24.0886011393741
5.37315920228139
16.5835382882506
11.2890978693031
8.79950488451868
2.47811775032098
21.0232641624936
15.0411383271573
7.48793198727071
15.878532374781
24.8217338696122
5.17374943010509
7.38158599706367
9.3402302097558
18.892235106235
23.544817767106
25.5306082283056
19.6880379226059
32.8651649993844
15.5149520840496
6.24577092239633
15.3401910595823
9.21258986927569
19.6246775239523
12.8668700577691
22.1929377422499
21.3025805688832
12.5671577408022
24.4606489199214
5.55951196001843
4.1207663309401
5.87651968472208
9.64196016487628
4.44798617289724
3.68612890597433
11.2266938318498
6.51018403004855
20.377631066367
9.08105475828052
13.5243970085867
5.75268412474497
10.5504462001529
12.9492006031796
17.4613566612569
10.3045767406002
17.3841035851521
10.6397981112085
9.67598686574864
2.23057537805289
7.24040837958455
24.6053621638566
19.7863137336517
12.5814774306491
21.7384497402236
18.6507689883001
24.1714000236243
10.0091079366093
22.0035202725074
14.0596684184857
10.0832731032389
8.41283291811123
21.1950115626678
3.34146525368727
3.15539590398259
20.7977414131165
6.70627090148628
25.0597250531428
26.968167128507
16.5440795011818
5.17174703763061
2.83089741133153
3.40025229379535
20.6069524632767
15.0176104410351
22.1275025862269
10.2936417596532
17.7501843078062
15.2329620206729
13.3328111143783
5.15524438815191
21.6054902994074
11.0846603871323
3.18039682784136
7.78923587957086
2.01461614238101
0.000928904987375004
13.544994906988
18.9277649957656
7.20848181517795
12.780273752287
10.2804710506462
17.8231373545714
11.2165781320073
12.6686321863287
14.2019455125918
21.3703297195025
13.4486496797763
13.6495328508317
5.29377241618931
10.4636436941566
3.56943223198999
0.313297554384917
11.2746532525303
19.3289367598481
21.9270376022905
24.2104904609732
18.9894902867515
12.5775136984885
15.2987875510007
16.5909751667641
8.96491179009899
12.4881790176743
3.74303654534742
4.89851392765237
10.784761490695
15.4005375341512
2.56729565509469
21.5188071364537
2.68154199002311
8.36309582227841
18.2428206433542
22.9332127545059
15.8007520367391
20.2229907852598
10.7573553560476
12.6148726441897
13.3937353541123
39.6589859272353
26.5406485064887
9.93715465301648
17.2253047814593
15.894281049259
11.7376016013481
8.99529388407245
11.5109711646189
6.59652876292482
28.9563063648529
18.7938503106125
16.2989155040123
6.38828939991072
24.21922173449
1.89547456405111
2.1206087898463
8.64247981226072
13.8719461276196
7.25454742787406
18.4573604841717
9.83368875458837
2.22114695934579
1.00987781770527
21.67084927205
10.8839189750142
9.85405669543917
8.06562724756077
16.7075407924131
23.8895621965639
10.0981100695208
6.05349104152992
18.7000879668631
17.0560296974145
0.930649728979915
12.0675616781227
3.15264189848676
9.17925410068175
6.0505625205342
13.5310869876006
4.03856673510745
17.3488261643797
11.5261567407288
26.1788988429832
11.4209346938878
1.24694702681154
13.2922923658043
26.4787588384934
8.40497352182865
17.5656749750488
14.141875375266
1.09390817505507
8.72070357436314
11.3022295525298
11.6130992188118
5.79617441434647
4.67525204876438
15.1701451998704
11.8720386901342
11.0047863679938
3.90110830994958
3.04099361235786
24.1942370077595
16.2407905329019
27.437135099899
3.06989037198946
5.35259439539066
3.72383646900095
17.533482320141
8.29676566645503
24.9619055645095
6.39001558751929
19.0467593054232
0.444750324978682
3.64680681957664
18.2280406732472
27.8111235005781
7.58876823627513
18.3631979708386
28.5973283716861
17.9343091366821
4.46808717862575
8.53275137487799
12.8726861206815
11.2020062631927
18.3738505782862
23.2249126536772
8.93131106565219
8.76850089453919
10.9476756420918
28.1908740405925
31.2714934931137
2.03960422659293
16.597896697931
25.2998221549205
0.0147895777504268
11.0011306009255
2.29058476764326
25.2849516808055
14.4800843554549
19.784041690442
0.343989534303546
6.08431681757793
6.06938165819891
10.1096513913944
20.0837660115212
7.91568760760128
15.0293936720118
22.834384158255
10.7416669637117
8.16395233147358
5.80829536320087
27.7772542205639
12.3109692125581
11.1332283396863
23.124083786741
13.9431004528888
11.4653096417896
5.05934036336839
2.81740841455758
6.26153791090474
9.98298157604371
22.5688630831428
10.255859058816
11.6780947815209
29.075236141216
3.86704921256751
12.1916586237492
24.1519141243771
16.7604321381077
10.7782410603888
5.85432176773246
10.0534144434906
11.6515599613011
6.10610584376697
34.6024067927426
1.42380368197337
14.5505628014884
12.2631764388643
17.0237811299408
29.1119498549961
19.0560884890147
16.2091291160323
12.6757378689945
16.7145472951233
18.5656315879896
14.9056226131506
11.0650451271795
6.22041978640482
11.2867522569363
14.8985120616771
11.8564682663418
10.8258923466196
11.8222562014125
23.5873549478129
0.151190712817299
10.6771451421082
21.9512218226802
15.7302505420207
13.2808281574398
5.06958126788959
4.44428556365892
21.6825190006266
18.0215849191882
23.832779684817
15.4752519492692
7.94133673626417
15.0064808050972
23.2371432548459
8.98088430985808
1.08833227592648
24.5256939902902
24.2430073209107
21.4448259794153
1.39386491465713
2.75944661116228
23.1155296519631
11.0809297325078
11.4338194252923
3.07199203988135
30.8673639003905
6.43684737151489
4.95320440968499
21.7919784598053
11.1327645136043
8.54636285221204
17.3609661287628
19.1165682859719
7.00762823866342
8.45208037644625
8.4275045143255
0.618358229813634
20.1295268299525
3.36903166025877
16.0925311152823
17.6672330724388
12.5930925132707
19.2774244467728
0.725784420501441
2.24691937030106
18.0575565418699
10.5192952905782
8.72306776000187
5.61793756234904
15.5354618024069
6.92032297119442
1.50764827116602
10.5016881600022
7.48872330270686
0.637881998509307
19.8714115687577
7.98347865929827
0.117478973697871
17.6700688567851
9.19112126575783
16.0551041713916
7.05812119413167
2.94933667484839
25.9218476945534
13.2417165557854
8.63654862417359
1.94559161318466
4.14626263082027
20.7825630374895
15.5965114943683
0.679608283692872
0.98734621424228
6.61224941723049
10.8535275212489
1.41482379943657
12.2147097252309
6.24878859834824
23.2584728712898
28.8872912060469
16.4842171470626
16.5250923314032
8.05014178622514
29.3554139323533
20.2988026547246
14.1647967277095
10.4985639452934
16.4638647576794
3.75323151142765
3.2800534972921
1.29745899466798
39.9378105998039
2.35322794178501
19.9076441000216
24.4079222087748
19.0320597931113
17.7949280594476
11.3767163006919
14.9050255806319
6.97723820372158
8.18531506229192
21.9344215001911
25.4443804384209
20.0251848204061
15.8153327872484
19.8312308118243
11.1274585596017
15.5329546159001
8.70516897412017
20.3346479684114
20.7694535376504
5.17813969636336
16.7306699567567
23.7958785728551
9.30316418463477
7.11075696162879
0.853212278954295
13.9514706716358
6.63150181056615
15.1629990078247
6.71020658515631
13.2892385241576
2.85272251914336
12.4575274880044
9.35509503771871
6.27016178898629
23.5687446082011
12.0744307525456
31.3400509650819
21.8045142944902
12.9518130306447
9.67983870347058
13.2268038751985
5.77902090735734
19.4936977699399
12.0028931449904
11.4397685858421
4.78900359012187
29.845327232033
13.4840160724707
13.3030824246816
4.86382653471082
23.0743871536106
20.4758731044745
7.58238577881314
16.4334431989118
17.9041738897365
12.3027030844241
7.76410256278558
10.9458181774244
1.50166800012812
20.5074292025529
23.9018192980438
5.59708453947678
18.4823131654412
18.0087977690795
15.255375210032
4.77348916739765
20.4935309656577
12.7909825683146
15.8059845096432
9.02348160976712
13.240158779081
13.2416538879354
10.3234398270638
6.43955853302032
2.61106317630038
6.55293924501166
34.3111835536547
2.81685010995716
14.5201379433274
17.2460107016377
19.0455741249025
24.680306087248
6.23369528912008
8.63728257827461
3.55387207819149
20.377682405524
1.78693008448707
25.5801593069918
7.75647391565144
13.1620707688853
5.8076542536618
10.4827696304598
11.8725189019614
2.43469371926039
11.8868465569422
27.0379470312037
24.4739943067543
16.474282073449
0.779278669506311
22.7119631250389
15.5450238380581
21.7300829943269
18.1553806643933
11.6274091094501
8.9224010265398
18.8796910224482
20.4827064997517
18.5805898190317
14.7284261067398
9.71614405279979
10.5173569617555
13.4272350251067
12.576225591121
18.164724573161
6.54578951653093
13.6086744593334
10.6065204832703
4.01173182763159
8.67150120902807
17.9971082531628
3.13390820519999
9.8927318234928
15.9563457545026
11.3602555678689
29.0840787488269
8.08090001810342
9.70170992659405
22.0240131136961
25.2046654975627
18.0525553878397
14.6367119159549
15.5932554906878
7.36802012209078
12.7701238263398
9.67024847118777
19.8039132985286
21.3824321050197
24.2586815147661
23.1214300612919
20.0488807400689
7.00049471944584
10.1570920902304
12.5196120352484
17.2488364507444
16.7515411242626
3.21725638390586
8.6449405294843
24.8647853499278
19.712217268534
1.30980459321733
5.63121810523693
6.3415416083993
10.5383262271062
15.772992856372
16.9808640951749
20.8753145649098
11.9850773031456
14.8087150765403
9.06438784072105
17.3618911765516
12.0379853644408
0.257115681285259
12.6333350082859
12.8324300050735
7.41191640263423
21.8747142702341
19.3581021507271
2.22095085773617
10.1479523493649
8.94103497387944
8.54766683187336
4.67728567309678
13.7453847681172
22.1295513678342
1.35253003467236
9.6639572060667
22.719252447132
4.78553129537645
17.7814278169535
7.11843527387828
3.88216422870755
1.5509537214568
21.0556173697114
6.75438571488485
7.38966871373969
8.72587328776717
25.7019421085715
12.4361786060035
12.6808534143493
7.57590878955777
5.86402800420321
16.7823916417547
13.8450914906098
3.52282412407067
2.43906124960631
15.3464754112065
17.9315709276125
21.0638151853345
2.43330309167504
10.9321851175979
19.4305005176084
0.775708033932217
5.22854089181922
7.50172130065039
9.17020359775051
1.83450486169535
29.5819585793652
8.86841415194795
13.5440101381391
6.9246330036716
22.5518963998184
14.4535337831434
15.2746079256758
10.2199831861071
6.78860410116613
13.9280510310742
16.6521369712427
3.42462550615892
16.388414621243
10.3109903633595
0.731967664768222
2.23963761236519
6.27956717507914
0.99849320249632
17.5025535863824
10.104620992206
4.26119650545172
5.91319598709236
16.6536228382029
22.3767599207349
20.0351739884354
10.130192621399
23.1859774561599
6.56122845830396
3.70906909229234
14.5840937611749
27.3272171701448
16.2595838730017
10.3626840398647
3.36805544793606
5.85993096465245
6.59225470153615
10.6736066518351
14.7626069141552
23.7846275791526
12.4506393447518
20.2589593129233
22.7769896580082
4.29627686971799
3.19329147459939
23.2219847610224
3.64981420570984
19.2026688018814
3.12810852111822
4.77410419293996
20.6588919041678
6.50163361569867
21.6185286990367
0.298213868668281
13.2698900881223
4.63059728089243
15.0001321686432
13.3900154731236
4.65533622773364
12.4268505060377
11.8217612840545
12.6121217943769
25.0713803894301
16.3233062177206
23.8477379794263
20.7207277821831
8.62051915610209
14.8180574993603
9.03848394518718
12.9618124687113
7.98481126653213
23.9437381736934
5.52112507866696
3.19269371960852
3.73879289254546
4.07528261421248
9.51325944929266
27.2869327221997
8.44142436326497
21.9058984272513
10.3444983833469
12.1564047178254
9.28291382733732
9.30430674925447
16.5435088332742
3.63637927221134
2.31988019077107
17.8478894638829
9.98998572832049
5.91777794674883
7.26591035490856
24.9740665778518
21.0975411697291
16.4749849238433
13.9977011829615
3.29675140071451
9.70138624543324
6.4663385390304
16.9626471237279
7.45252679334953
1.80059352423996
5.44930574575649
9.8361388547346
6.29930547438562
20.6968122067725
11.4450226421468
6.17945637873331
0.863438355736434
21.1708250571974
18.4392533730716
16.031821758952
8.36743419058621
17.8888687808537
6.36046546278521
1.15251336007802
9.60912629546437
22.1033103696637
0.793361209798604
3.72895324137068
23.741326353047
11.7747939890251
24.6960047325938
11.7529933381496
14.1670470010303
5.10322035988793
11.7557561025023
18.9821472857147
15.3935999376699
0.625730794854462
15.8235537246884
1.11139646032825
12.9896499915048
18.4941204014377
13.6613472830504
21.5121215209365
13.2015510695055
16.0850529456956
7.36800825688988
23.5430493486281
17.292244057171
5.48213560832664
14.527920994442
7.17469457304105
17.319842451252
5.95546126132831
13.9082675334066
12.6962600046887
15.8899247297086
13.1224778364412
21.7469229546772
6.76278612484752
18.0806764983572
28.7557986135831
20.9072287584885
20.1756470720284
16.6735348873772
3.64500963825145
17.030134331435
6.69375979341567
29.6654026779536
9.73799700150266
11.6634834222245
18.108430551365
27.8790190117434
12.2287654783577
10.9331812115718
17.608586512506
16.0081204183084
4.94486567406288
8.03565460955724
7.34579859030872
2.01923120766878
12.3318964848295
24.8697913884563
4.52534590894605
3.18200408946723
23.0511604846442
17.3090782760343
20.3536228826154
16.5716869797381
0.283518119249493
10.4403697608586
18.6158209922723
9.81340762227774
12.625896504938
16.7403875588298
14.8612609715201
4.36485784295023
4.10075501542785
10.4754296829924
24.0069814492017
12.4558811425231
22.9791800491512
13.7560439331962
8.88922207371824
23.3235331979514
14.5420972796759
16.0030523522046
10.2175825391896
7.10152708925307
23.5185155645013
16.8032111017965
11.5884009283036
11.7126980052935
13.5787846636958
24.2647467695023
2.05282531678677
28.5167093155906
33.7074789769059
18.3709026145979
11.3625207566656
4.6696635672912
18.890913343057
18.5456050210632
19.6060209302232
10.1480041863397
23.5142963114323
24.5810565305874
7.58793385097719
9.77255632159286
22.9667353503679
20.3440782216773
6.60406721290201
4.77740956703201
15.0947856134735
11.3090192433447
14.3160465612878
4.75781871937215
23.2674324768595
6.09472728101537
7.90832843631506
5.9079387341626
21.955296699889
15.6222703750245
13.1386961205862
12.6478195534903
13.6515993374542
11.8793196394108
30.6787304151281
4.57604534458369
13.9156602672301
6.48096590302885
18.8744679101364
22.2659809217963
17.2063621692359
21.3263660785742
11.4269282435998
16.2785145454109
20.2427236414965
11.8171427166089
13.7702612089925
15.3386846766807
19.2765434389003
1.89917305692153
12.5336914672516
8.88380137039348
12.0891841141555
6.90727533237417
16.2071302416734
8.25131494742365
14.0686709227855
11.1040569841862
16.5696808020584
9.36061326647177
21.3215426076204
4.30892369477078
5.15249407617375
7.11343997390941
28.8607213064097
29.4311948825277
12.0070133634364
13.3604451315477
12.0635526487604
11.243317391289
17.2053528134711
19.2260198411532
4.88510214490816
25.3762193256989
17.26001551272
8.16258316626772
10.2268208781974
14.4550002726469
5.26222145623891
8.81669841960529
17.2889808076434
15.4199798874989
9.75172410457496
11.0003728419542
17.9805681109428
6.9093540776521
11.3585883223698
4.06181911239401
15.5272592324764
8.70315801585093
1.8834742018953
8.39771173633791
20.0666817021556
18.9540416467935
10.2490201592445
4.53459945274517
14.5799620309845
23.9010105061555
7.27842720942978
8.1104218843393
0.972953535027006
6.9159397098632
0.116989889647812
11.1181022948585
8.14462577231819
22.6254457142204
13.4805547572128
5.77807726476671
5.19715812779955
32.5759351369925
8.67894115878545
2.69809035278525
5.98277653119808
7.96411904371683
7.85768207861111
16.3915560347959
10.517187975347
1.31638117371418
11.1498183337972
1.33297084830701
4.0854110266082
22.3925124504603
8.4429073613137
22.1074492670596
8.9784751762636
24.3433039244059
4.76966109126806
16.7978929190889
9.77064046310261
13.5132147171744
10.6072150596996
6.08699700096622
8.62344562774524
27.0017559989356
3.66664014291018
8.79624561639503
12.1929541463032
9.86222909996286
5.87759177433327
17.1258765854873
18.9249666368105
2.34406959498301
16.4004304097034
12.1557150618173
10.713529237546
11.1329896375537
27.7585329255089
11.867654544767
7.79853769345209
7.81135149300098
17.3060441622511
11.9448770225524
0.443309429101646
23.8315494032577
20.0037167756818
9.81527701830231
10.3868323727511
17.4120521172881
18.0705764447339
8.98037915470129
10.3319001034833
12.3099227509526
3.04000591859221
8.81171564105898
21.5872776112519
13.6396402425232
12.5248742988333
15.9925906453282
8.69381293441153
2.28116967941298
22.5569150643423
14.2756439148746
26.767146284692
12.0892927228343
31.2337747891434
1.39514927613314
29.4309109565802
4.9033788847737
26.2919664150104
24.8422475648113
3.12429594858678
9.91446475064044
1.33137454977259
11.4774371380918
9.92957060441661
1.23492129966053
19.0749080532741
2.12061175843701
13.3127701934427
18.6816775193774
1.26562445657328
3.62642303807661
9.49916169047356
18.6858297558501
4.2848763807838
6.79220116298774
15.9638904500753
8.86420890066933
17.1281379181892
5.11979483999312
13.2437991793267
7.05514324363321
13.7130530038595
16.257965236937
26.498934533447
11.1312159623618
3.14387638354674
21.8728229510368
11.342616355978
17.363588581793
9.18027180014178
10.8765419572592
9.42347266777961
5.90130833443254
12.2300054396831
11.5938848583028
9.88372776828176
10.6704123434611
5.99546714001711
5.06399376860048
4.30099790060945
7.18613222467877
17.2941394150257
6.13690459867939
16.784039454069
5.66851687707434
1.15385827375576
15.3099610871803
13.3382647996768
8.69851739807322
12.0943933376111
19.416933960747
1.76193181139177
0.887186823937068
24.7326627943223
4.41211623519728
5.79384122975171
0.829681742068656
13.9287551295317
4.3724655099197
37.9260085173883
13.8035700888662
7.83966502067766
17.2282229410484
4.64535352075472
5.9431990608573
3.45786380018466
8.6240474420596
21.0882118014475
17.513017826391
6.19376327545217
5.12499110425769
5.66693156316418
22.3181554349139
16.0852102213539
12.8929573693313
6.22713578632101
18.2371131260879
1.4674419304356
2.07456490024924
11.2332465840607
7.94254305073991
14.7817345286262
9.63934407919601
1.89408420834787
8.18558003520593
3.92404098529369
14.1698666964658
4.15905319604525
0.168844708241522
18.979846446106
9.85635118559003
0.448352855164558
13.210724247119
24.2267843219452
4.51185994315892
5.92123738674865
14.8663700052207
30.2611424820498
22.4822328206551
10.8661752366225
17.9856610460773
11.5429494063132
20.2247793284027
0.713273452129215
1.65740095084933
11.3275660900399
10.9027430531569
17.3282531485783
2.59006556810991
14.4411754561588
1.25499174293343
4.94668527971953
13.3322968781553
33.7720591764678
7.98832821892574
7.08303013775406
12.9859554232098
0.76284412085996
11.1708508688025
13.3774738758802
20.8340188488364
7.14393112602647
20.6561566796154
6.91280625325126
24.2845457213378
5.14998614089563
31.3272236861203
4.15284018963575
11.5810779388994
16.328438725216
18.231403757818
13.3669414005808
0.594708832209554
2.90527835022658
9.11273745182861
22.3449845099822
1.58222128014877
14.4044464803301
1.41280229436234
17.6661890815012
16.806500335224
20.021630928386
21.2109438328543
6.39573741937056
5.47485229114947
16.9833166524768
12.8191648051143
19.8302131611854
10.4953270595961
5.09140999793611
12.9545172792859
10.9347219695337
1.99590059928596
12.4089762505649
24.6929904213175
10.1604307881704
4.57727981222358
23.3477646257496
8.42350241825746
10.4231507750228
26.8729291507043
7.97954887162639
14.2252627053814
25.0391646925856
3.95752473268658
4.26800200781902
15.3595949755982
20.2653349377215
8.06245776919411
19.5489109028131
10.6442759527489
18.1945510790683
12.1174669979006
22.3828798210818
16.6248899535276
10.5807735124631
13.2556576863863
9.03529867703322
2.08928750362247
5.52264188913482
18.9415418193676
9.63230671370015
9.21887628486217
17.9205772932619
13.450374500826
4.48551696521447
11.8549556820653
13.2206405354133
13.8368076877668
18.3451991295442
4.33558622442842
14.0574917430058
11.4320091088302
13.2634840024147
21.0252253222279
12.5967767182749
8.16061495973704
11.1437406503327
21.8144609947447
9.02253150707111
19.5655088173226
21.239429328125
10.3365890448913
3.70132795069367
2.26871693727814
20.7833623092493
8.67458945140243
8.80921824346549
3.90113916289982
26.1617697546459
4.04247601982206
1.09654142288491
16.1111197790705
24.0202176617458
0.506056141722467
11.4192678127438
14.980983431451
17.9946983233094
12.2060818756703
4.02728543818392
6.99141563382
9.41249900324884
23.5445778351277
7.83725489163771
3.67487318799268
23.3456008281005
8.04857000475749
28.1384033267386
6.57000466017053
18.3085542489477
15.8057438258796
17.1315518673509
22.7536472769136
9.99790381300739
7.15432620998674
15.7391965272836
3.32962044049054
9.0495501134861
13.3092665124986
16.4076953195035
17.7392772515304
5.59107202570885
12.024303060025
22.3482267048569
16.7644426692277
12.0316003929706
21.2596617406234
10.0955563538626
17.6936372669078
4.07630667323247
10.616599004485
4.25411757314578
12.7315950812772
22.6488233660348
16.9906073017046
18.8776833121665
13.5916630388238
12.1036873126189
23.3988677384332
7.33459347418346
13.1346832145937
8.88825544388965
7.65674379654229
14.3037207657471
1.87462398535197
12.7368990099058
11.6010242141783
8.7831529090181
27.8514239245624
14.5583222969435
1.41950162232013
12.9453739151359
8.93411168362945
12.5741125937199
7.00386639218777
8.5327917826362
11.2673232136971
18.4216923080385
12.6165846828371
7.92119132116948
16.0025241784751
9.99229266308248
30.4857099428773
14.9386139251113
3.29289754163412
17.2724403091706
20.8009764435701
7.39134064642712
6.89001371796692
23.8931614905596
21.3042285691132
12.6879688468762
16.226222680416
26.3850536313839
15.1705419528298
17.9706090129912
15.22467804607
8.72549616670764
30.1396962138824
4.42650802897104
26.9254455110058
16.2595239467919
0.170275429263711
15.728305293163
8.49551882129163
5.39891800013412
21.8147330218926
16.6635590406232
29.2335649835877
6.2322705052793
10.6443785336643
7.70944721298292
25.7847319124267
12.5317401601933
6.34421052778995
22.3335686372593
23.8889395828967
9.90299480024638
18.7667522463016
11.7164084084437
30.2966044499038
15.6498343334533
20.0747964321636
13.6394683155231
22.6148152258247
17.265787627548
15.5360161908902
11.8490518187173
15.9856091423433
11.1921663978137
14.4501029568644
6.85191785451025
11.8722333578464
21.870714565739
9.45459661306813
16.016495868098
20.6440304056741
5.95542556839064
28.6474680227926
6.34914074325934
22.7152369567193
18.1061352079913
13.1574632917591
9.65506219072267
28.0783353256993
11.625821411144
7.40287449443713
20.2308348220574
30.842297966592
22.1891355933622
10.8998974386055
13.4966083453037
2.2660692455247
5.33529018284753
4.37244971981272
1.54441808117554
23.2530081295408
17.791552475426
13.1470436610028
15.0605947477743
15.7096417271532
3.73585622889342
13.2959088190792
9.46843115380034
6.76152805313529
7.5291172019206
6.26820033648983
11.6525177947118
7.354846294038
22.7318269433454
14.1425715875812
31.9959762389772
11.8915008148178
2.37981191125634
8.74043312206578
4.15365442167968
9.45209321798757
8.72408717405051
1.08149471021466
16.3787363679148
7.43968246970326
7.36036646013861
10.0631827005643
21.4977310504764
1.74669309263532
2.09196169260884
2.54287971183658
21.3250396773219
6.32764654001221
9.97645467286929
0.20572779897205
6.95309696240122
3.18510483484715
16.0735425073653
13.7105244328268
7.41921910084784
15.4794543748721
13.2155383354984
2.62219989672303
6.39179816935211
7.0654703790274
11.4497774164192
7.32293717148583
8.32086433656514
12.4012311338447
1.88793483651266
7.8298297827132
3.92853729684094
3.09147939551622
11.9508470292203
18.7975950306281
2.26879559922963
26.3272016276686
6.22483916820966
16.9022093945962
22.3125277552754
20.4981481656432
7.55510529270396
13.9725820297829
17.6319355301945
12.4698240193538
1.49333184864417
6.84579041358856
7.12895748361766
16.3454639841802
9.47251317556947
25.6152598885819
9.89440072245723
0.654714193660766
20.1959886588156
13.1176644586958
26.4691882068291
7.26816770620644
1.27954072086141
7.41045662434772
7.88526747250822
10.7170484494418
11.0530334757641
24.7818434494548
18.0712313158438
6.90207463921979
10.5529818800278
14.389932830818
17.5736953274632
2.02172416029498
1.5936034033075
19.2475396441296
23.7222867552191
12.9288487767237
15.1726228999905
9.79498277312676
7.44267610134557
39.2172380829216
7.6871536206454
19.7597868740559
9.05998673988506
18.9881487341457
11.4658832150855
13.6985245444674
18.793934059795
12.1203338261694
6.10875100828707
29.8778981901705
26.9453124407871
19.7199758025818
28.6905829561874
9.19654816389084
13.0359923580503
1.41299228416756
11.7052302346565
16.6871413355693
6.19281831895933
17.6696271984838
4.74233039421961
24.0949922706932
8.10359517345205
0.610209885053337
3.33144047775346
11.7393311458409
2.09178734741654
6.26789689920679
20.4806001973338
17.2258434584364
7.19661135841795
28.6681004158185
19.3577743282203
0.612568762153387
15.7293833442964
28.5279624425904
11.7328641470522
6.56742790682823
4.40149395726621
10.8013932360336
14.5815060713445
31.4110196661204
20.0904478202574
5.84288092732088
2.82843222375959
28.289709566161
8.3200320135802
10.8439473900944
14.5655694999732
2.64024414549649
10.9331293730065
13.589331402909
15.8172151423059
7.40196882979944
9.58242584019899
7.88213656051084
13.3742896607146
14.6989035070874
7.70807558437809
2.81367001589388
8.36150633404031
1.82258791269315
16.4016373314921
6.93017133744434
28.0877500794361
4.00677298894152
3.48702276824042
9.99821936711669
18.2416203198954
10.5825458080819
17.887549137231
4.21512473534246
1.66745233582333
6.64032571949065
21.2769510573708
10.0683557800949
29.3143523507752
0.186047078449897
4.22287510779771
5.60869480250403
17.637928010723
13.3193744346499
28.3039027824998
1.74031456895474
1.72510061486529
8.07701126905158
6.74018237475926
16.8369853170589
14.3997188908406
5.43888389997865
11.472001648508
7.64918118948117
19.9844567338005
16.4613541332074
1.35447725647269
27.5821248418652
11.557872248474
18.928639481426
28.2752679442892
6.9844710478939
6.87904979567975
20.5173086771595
9.89825022406876
7.56876213708892
30.085246777162
20.2229261747561
21.2551404372789
19.6867297666416
4.96183166177082
4.26832254443264
5.58634595690004
8.24400200508535
28.7901995005086
15.7343778654811
24.8782743467018
22.1061657881364
13.0072153522633
28.2156721805222
17.5877095665783
13.4126615943387
7.71184716140851
1.87612721929327
20.4173217527568
16.9502510572784
2.34673109371215
28.3247038722038
5.56338478345424
9.36309039825574
3.42846759594977
28.0327113345265
33.4374574245885
7.28259894225637
15.8017129520886
10.7644991017878
5.84824097683724
1.71912762168478
12.2083610602063
5.22064638789743
21.5116135776043
8.05068978806958
16.4599266036076
10.9277628595009
9.36431072559506
16.9159306562506
24.9778012395836
11.9492622208782
0.520783080719411
18.9724268275313
18.5432030757379
14.2105353763327
11.1008939031628
0.850637358783543
15.1415595319122
15.8836252056062
7.2540270164609
8.15619043606477
21.4618247933686
36.6999059566297
16.6313747176901
20.5216512208271
11.279754631687
12.0480106794275
17.0339337598225
10.9771851077788
37.6107973745093
23.8642659620382
2.54675075411797
15.3494453988969
7.75689283618703
15.0244515047864
21.9820143016167
14.3342942112925
20.0471942662261
18.1237073382363
4.28115221438929
2.46768850903408
3.76977939158678
11.3156105275266
32.9075026907958
17.7343393326737
1.78773732623085
11.9432885979289
15.5006112345629
9.72436644621862
9.90686304867268
32.0487924618647
11.3485491718166
10.6615437660366
2.82658635438404
4.46424682158977
28.2770978403278
8.59061277005821
10.960963282579
16.6047275997698
14.451762184035
16.651941180048
7.55680083971356
0.102627987507731
22.1156236133538
9.90316945826635
28.160564567087
12.0039849448402
29.0858081722802
0.547637700061796
2.16509390875863
23.8007902982645
25.62794823898
21.9760878710076
18.8797329668887
11.0554112121463
9.40110263272316
1.7861799063193
15.9733479958959
11.4995484074979
0.574304634817478
16.0015627043322
8.31895570736378
12.295619782526
8.37725299643353
15.2856711298227
10.9433522913605
12.9543503397144
20.5766032301416
25.240068230778
4.62684610392898
6.38296001769343
9.3424765043892
3.59597697744296
21.0595533565647
10.6771544615019
5.20593830370948
15.4205957427621
15.9901733697235
22.4959731197069
9.59938050946221
17.3678494524211
1.96801949689553
7.12231745710596
9.26013604039326
14.0115926138368
20.241861382965
16.1072422204701
9.84002240372038
17.3236297094263
9.5736772287637
3.01141234813258
11.3275787676685
11.007571475226
21.882013825234
22.1594117581844
14.5707694383259
27.7504118980672
0.836003098827314
24.920125707275
13.6504081279221
20.8631941583008
15.6156763317995
2.18894329980984
6.44963029772043
26.4759433921427
20.5847130896984
9.7946372055594
10.7126551442184
14.7098309716076
20.7878781450662
13.9230413785984
13.7819890735301
17.8016616037373
11.1268403590657
11.0686898929998
6.52847724939517
17.2390578431077
5.67692520562559
9.77676332530881
6.40842815374485
6.09104001196101
30.4783068422882
3.88336455918819
3.24265878880396
21.5507112634421
13.0340777803212
12.8440166241489
16.3918807305153
8.33433726802468
18.6371322259123
0.71388075593859
24.1620858781971
18.1349631928011
16.6424913215451
9.26702136354405
12.6515225507319
4.3163931233465
8.22821385227144
1.51716929310382
8.42946708435193
19.7219508482791
1.96335667278618
1.90985322504692
15.2378838627901
2.80970749085648
20.1478427625261
21.5636987937614
16.7633109619438
33.6739947670139
6.13867366919294
7.61806690134108
17.4078088835813
12.8516940283589
11.0537855769508
18.5707704978995
19.1612509725617
9.40750857183421
13.4917317191139
15.0323838111944
17.6734786100997
10.314303834457
11.2399973790161
14.6632384043187
20.1267153866352
8.90595040050902
4.51374779222533
21.9839463243261
9.60863888030872
15.2321387431584
14.5842886951739
14.9363430216908
14.6361984196119
6.30008610052045
17.630243813619
10.4896452509679
21.6638838406652
9.67486611334607
27.4758752902793
11.4719313737509
25.0084381196178
6.396395140035
15.0153263588436
15.6878656086849
10.9502525185235
20.9629890625365
13.66167323431
7.50326556153595
17.0045308135212
6.39561549760401
8.17292510764673
26.3849345385097
13.6791795026511
8.16359730670229
26.9795653992333
12.5882166525651
11.3744955626316
19.3809053627774
1.85380114708096
15.2256392600559
17.219222523272
8.16693805390969
17.084016050344
2.56520386319607
1.23088464606553
7.87157871527597
13.3914842144119
15.2500570868142
7.81536336580317
22.1188733470626
14.2616470693611
9.34853058537256
19.4000905837845
11.969229974784
1.94827768777399
1.13107255892828
18.4986491454765
26.5730625134893
20.3119808771857
23.1671822955832
2.98138619666196
11.6203654557467
6.17450724821538
4.28228880045936
7.54920163890347
0.992131407838315
3.04499838966876
0.314143672585487
6.75188169486965
17.0275283653889
5.28149376623333
9.34614596189931
3.59364717733115
22.3567815846764
7.62693925062194
10.7300109579228
17.9963752504898
10.0730235222727
11.28850603709
25.5944312433712
5.89873882709071
6.98509498033673
16.8000953039154
13.748237458966
30.215200362727
1.28536279889294
10.6633695191704
13.0483548289796
0.285187871697791
14.0571017749608
13.244573387783
11.9017311371863
10.0490228855051
5.05041701802403
15.9253125661053
14.1744986409321
13.6323151644319
29.8739882418886
29.2868631836089
8.77048149704933
9.05653206864372
8.25028371764347
20.992215257138
18.9351169306312
13.7602230766788
22.7375916321762
18.9304163097404
9.16507209185511
5.24393121013418
8.00403538160026
27.6991273742169
7.74055992195712
4.75813045632094
10.5474359937944
13.93389590402
17.4467845792549
6.05364505585871
18.7544489745051
27.3771894842418
7.80496285927652
4.18936525738748
13.3003665196587
5.67348866841704
27.5915596678388
26.0318492400172
14.8610085714608
16.1908051231876
2.45396972168237
9.81341909939207
16.3088222849183
14.6082095842153
11.320594442077
9.57143716514111
19.0255249268375
10.052280058153
5.94219455961138
3.97929306284459
11.5279422607273
10.0718734553084
8.39320128677559
28.8548752083443
20.3247223951882
15.2095138560981
11.69598614797
24.3593470542692
6.64313108515947
2.05173615831882
21.9292017398402
8.24884183351591
21.5625329408795
0.0470378086902201
5.86215654098096
5.10322678601369
5.19419858063797
7.16012633638456
8.30472171898258
3.96310802316293
0.707366480492055
11.7999796173535
9.52237341552973
19.748223060742
13.0769419949502
7.02951947805394
1.75843936393989
0.743562681600451
10.2085774764419
8.31718862755224
1.9591447286725
0.270989479031414
1.42737250163005
10.3686476242729
9.45462057134137
14.7055837791413
2.58238084744048
22.6182449259795
10.4283334105276
4.75498706800863
23.7698102253489
11.8927336968563
3.30518303671852
7.83660674165454
9.46568119106814
17.627991840709
7.61088926810771
16.9892897708077
12.4542410629107
12.7244977407271
14.9921799777076
16.1188871366903
7.45122896041721
4.09292938420549
5.33170186442572
4.01642918586731
2.27655570488423
20.3189517799316
7.05036119325086
30.9605429763906
8.4622610011138
11.6586510925109
21.5988479782995
8.64962741854264
32.6434963499196
14.8752268636599
2.57994497660547
2.96794967026302
4.70585109433159
2.75610261596739
6.94956845836714
11.9188405922614
9.54101697350384
11.6660383708896
11.0671033744227
30.7780791904254
0.884222786212707
5.94969600763949
12.0214146911167
10.1940388558432
19.1796284518205
22.9024787549861
3.48349653775442
11.1186826368794
17.6515656290576
21.967593964655
14.90436445456
3.80588533301591
1.52762688182479
8.9668330620043
7.49212772352621
6.83691761830821
8.13582282280549
2.41008637240157
9.54307276767121
11.5522704203613
14.1506060259417
21.3013331755064
4.36448478139937
19.6003688732162
16.6060927276836
5.68990387831115
21.1261489836447
