"x"
29.6624517003836
25.8264896459877
29.4344827612421
32.5032150023617
40.24800255429
34.2282722122036
27.6016288320534
42.6352273207158
31.0873353892921
37.3157924506813
17.7943225837786
30.7965221581981
29.2859825007297
36.646009341348
29.6157352863839
26.9804533571005
39.2367324632442
36.4594256621785
36.2497978434038
39.938904965548
29.4520613900156
28.5968743264675
13.769686804153
3.85492053565239
36.4373765769415
41.9050142423964
43.8265389413573
22.0043173525482
11.0303034181726
34.2775902249431
24.1575426321498
14.5145292426895
33.753990192763
32.2375878458843
26.9425240228884
26.5621082740836
36.2238795147277
28.1308561912738
30.8744269190356
33.7110187509097
33.7358107441105
23.4010683372617
28.7488928879611
31.7391336662695
35.7475362718105
19.9823361122981
36.9042071979493
34.1220783186145
18.984408583492
22.575402923394
35.3389793308452
28.0563085223548
20.3756778733805
28.6025198980066
31.1204722733237
45.8896680967882
48.6492168274708
32.0250964723527
46.7448545037769
33.2585071597917
34.5583977992646
37.5678382982227
33.5001559508945
32.4551558265567
38.7953455327079
31.7205239508316
37.5767073011957
22.4411164876074
42.2994090182407
34.7371418684967
22.6815407979302
32.2045983863063
30.7530808495358
24.9784468556754
31.4289447615856
17.5459469086491
41.2157012382522
33.5280783707276
42.2957830131054
32.8380714403465
43.2640229933895
35.1834155386314
32.3225599830039
28.0147370416671
31.2838533708
38.559328217525
20.707907283213
33.6632506689057
33.729006908834
30.5936052580364
19.8307942366228
15.9816786996089
22.4942101514898
19.3942192274118
44.435088231694
42.6278672064655
32.7531115268357
31.0634528939572
32.0932115544565
25.300076615531
34.932248108089
34.0508215944283
47.4808155326173
39.6165554062463
27.0373914911983
27.8795597492717
31.8743445841358
24.969163199421
25.9326654486358
18.710827769246
29.4275849126279
39.058444078546
47.7979737566784
30.6476847459158
38.7026682612486
45.9158709738404
15.4728552959682
39.4489781465381
28.717238351237
25.1335807261057
23.4898320981301
35.2118924609385
47.0376459765248
34.7140937112272
15.2501153759658
36.961412220262
34.2147307703075
38.8008378185707
21.5585277113212
31.037318345625
35.2068534527136
25.2761797048151
47.7443017764017
39.9325872422196
25.8155336952768
35.8139718999155
38.4883482329402
41.7884710826911
31.3560223323293
31.0065293801017
38.8845156761818
34.6666209516115
41.9421605067328
48.6759523046203
35.7136997859925
26.4917232678272
33.9898916543461
48.4006010578014
38.961782224942
26.4283698401414
28.2767266617157
29.3251216644421
30.421886430122
28.6418496751365
26.144262123853
31.816713209264
24.4436748171541
27.8716013766825
35.897298459895
19.1820535712315
34.0219359146431
51.5856955898926
27.3917975253426
16.288458094873
16.6019045698067
10.3875925516773
27.2400853922591
28.1699415400013
27.3303837049752
18.3853320032181
46.3742472580634
14.9607007973827
34.611505153589
31.0684905038215
31.5665292204358
37.5164072262123
18.2380137266591
16.8404419334734
18.4818021704194
15.5281389132142
28.4683180740103
50.2084074891172
35.0288805901073
40.6019946958831
35.5687235249206
26.5465753152966
32.8852834529243
37.8564895014279
27.8176214008149
31.7173567833379
19.6875308873132
26.5204212628305
37.3534944606945
25.9733833372593
30.5475315777585
35.8762798947282
32.4056296725757
37.6808504641191
32.7346176607534
41.8850205140188
31.7109638010152
32.2264299960807
32.7675721712292
32.3622767580673
25.7789163424583
13.31489516061
27.2729845368303
38.2273390539922
42.4456175908441
35.8898882986978
20.9139455994747
23.9815681765196
27.831246459391
23.3760348754004
34.3743102159351
39.3808518536389
30.6102900649421
30.2807631203905
32.1003295015544
18.0292619392276
12.6776250894181
33.8964150849466
24.9236966134049
46.0850862320513
24.3747771950439
30.3680115031881
32.8731776098721
35.7567050959915
39.3758442951366
15.9486926856436
14.1489884025084
41.2232313654386
30.4290110128932
37.4836364993826
10.9067676239647
39.1620167763904
5.67607115954161
26.5900689759292
30.953167390544
29.4230649546337
23.3640991500579
33.8779211626388
32.7869452885352
21.9626514008269
31.3957413774915
11.103332194034
34.5686706248671
41.1060496349819
33.335474494379
26.718691305723
40.0411291513592
29.4199163923011
38.5115001350641
11.9317316928097
28.7107967538759
46.8019049847499
31.5231972201765
30.0574747030623
30.409473135662
28.9169671246782
32.1144868503325
40.8177881268784
32.8438659897074
44.3648304557428
38.4172483580187
41.5489690261893
37.6564223109382
25.3372373292223
34.2904526613343
19.6930899051949
39.163092628587
26.4694465221185
39.0224098577164
35.277428815607
55.3517886139732
36.397798138205
32.0589546812698
28.7517217877722
27.1681152633391
22.4991270457394
18.0070071965071
32.8767165541649
25.4355850280263
24.2110332719285
32.9633687456414
30.1479346817359
30.0266413532203
26.5621356233515
29.2760547366925
29.2265634750947
9.61733112344518
14.2366281140214
34.3233384203491
30.8835590374656
28.2207478036544
24.8569052084349
22.462832077872
27.5315987295471
19.4536560743456
31.0627525672317
49.1895337938331
25.407687574625
39.3636578810401
20.8190483506769
15.105060302205
30.307583429385
14.9410678306594
55.5456255763927
38.4940535877831
56.0284902542988
19.9010831983817
20.6603068392724
36.3120819674805
25.3477284335531
32.9055448877625
32.3696921230294
33.8602302130312
39.3360537942499
29.3321308563463
29.2659972212277
19.1332110785879
24.787265562918
12.0441791368648
28.6356078344397
18.6657921876758
40.8830321626738
23.8293366506696
19.5661761565134
21.3039585971273
25.7617592113093
30.079281446524
45.3909741382807
26.9996076822281
11.1809727502987
29.5344395446591
26.9261208130047
15.9720267634839
10.5141057400033
34.2171477852389
20.0281787314452
36.1463383538648
14.3200146452765
32.6844557421282
17.4550431431271
38.3714492549188
41.5606973343529
26.9502599607222
14.5599109819159
24.1115020175893
29.8510053777136
31.1291039572097
24.9996734972744
30.2248124149628
46.9147739815526
35.0755001580621
22.0778947463259
35.5989530682564
29.5404411619529
26.0287791956216
22.4528969731182
19.9028062052093
43.2338285143487
32.852571294643
25.9317955310904
22.5087678059936
23.9053850644268
22.979043910336
27.0487956566632
32.2898855432868
41.7832007165998
40.2450026012957
28.3376706764102
9.59443839965388
24.9223248968529
43.5347542748787
23.2246274943464
31.4341097197517
32.8245123015667
43.580745079089
28.1545217265375
10.7552120745816
18.7947390935684
18.6469627660699
36.1608293722384
18.807622755412
37.5470080180094
28.0847273999825
36.0854406142607
21.532953484211
15.6671845936216
17.415612086188
31.6216580802575
49.7617281507701
39.6086967433803
38.786918122787
23.4241387574002
34.487112541683
14.5106661482714
14.9563695982563
28.9201776031405
19.1472479332233
26.5951927285641
24.7811271265998
32.4047570116818
26.4168248861097
28.3890487952819
10.8546911367193
40.3130916994996
21.0256811580621
29.8972079617702
24.0975906257518
34.6185409929603
31.675668239649
46.4916907134466
24.8784098677941
28.2728674937971
14.1082135378383
25.8834334323183
23.3425210579298
29.4724515988491
22.638806712348
33.2543985801749
38.6505757807754
35.3408980183303
18.244296242483
29.2051329044625
29.3962890601848
37.1068465638648
22.132092528946
21.1500706616789
25.2094283583574
23.816441080777
43.6405614134856
36.4315301567349
39.662028697785
29.9671116052195
40.6401794279188
39.7656335262582
32.5697840075009
18.5710542951711
35.0642996490933
33.0198731739074
25.3324524499476
20.4818581813015
25.9685656987131
14.0060683130287
39.6927859866992
23.1154924607836
47.4862012895755
35.8610379007858
16.2001823773608
45.3577976091765
23.2770239235833
35.7162602129392
21.6307728784159
11.4018940873631
24.6976138791069
28.3903495408595
15.066045394633
48.8067589234561
28.2194338040426
34.0047629666515
3.09090635273606
30.3273072699085
17.7296226262115
36.9227317976765
25.6429541326697
31.3755475915968
47.6491832756437
6.33878068693932
21.8363496707752
23.7259489662043
44.2227124350379
47.9584365268238
38.3476693066768
29.5800911262631
36.1659184098244
23.2480326517268
28.6601162049919
31.7394623486448
27.2501251660287
21.7123378068209
35.6149651226588
48.7645608596176
15.3481146757711
6.15213895216584
24.719419809969
34.9341928842478
16.7423850119928
22.8964276134818
32.7117438660935
9.74561737384647
41.3886814727448
33.7105717279582
21.3276565424167
26.6830593813211
21.0884347208776
24.4403804652393
13.6034788418802
32.9828599118628
28.8854845217429
33.876684084646
23.2370077748783
26.4927127864212
25.1470470380619
21.5284777487567
41.6015799972229
30.547129875049
23.1575210345909
26.2982698506676
27.0734615918006
18.295349222559
28.8090288249282
24.986000766512
23.1397567433305
31.9296886213124
35.0501132081263
37.859824730549
28.0055403127335
28.8262544665486
33.6487955156848
20.3890504664741
29.4036842999049
37.8684588940814
22.5708244225428
47.1854914329015
26.2700472492725
25.6208265200257
13.9063816750422
43.7514202552848
25.071458320599
16.1359571269713
15.6838122289628
29.6063468791544
30.3460024762899
40.5516954604536
34.677025617566
18.8431847258471
43.2741706143133
43.2974110823125
15.1093268883415
42.7194828749634
15.7982535429475
36.9073587952596
43.0174217792228
29.4066068599932
33.1030455767177
38.689144377244
31.388532242272
38.4998849127442
30.6476328056306
35.812094702851
13.6619819180416
39.931383531075
12.7757729111248
43.5939529677853
25.7718365405389
23.2415021513589
29.0707463163362
35.8351351576857
34.1860626242124
39.7020030766726
32.8869509627111
42.311143130064
26.3760940158838
35.0335632450879
22.9220552431877
26.6058371518739
38.7251929845661
20.6485645108635
33.4508646279573
33.0718125325052
34.2234881361946
26.796301393888
24.3460477679037
30.9690742638664
26.9733681343496
44.8856735369191
36.311279120855
28.1561671639793
19.9161902262403
27.0164741319604
26.4628222910687
22.8468782716664
19.8540843146686
45.7089901668951
23.9438298158348
34.5449943181406
10.3650846042964
44.3523258363256
23.1173883697336
14.4623333355412
17.2244109562598
30.8946500066668
30.2887233439833
23.646831989754
24.5556444341441
44.7046927409247
20.1302890273355
23.8063925877213
18.5549817856092
32.9180538305081
38.7150414649248
31.7933731363155
27.9348702868447
10.3545051533729
46.7842832906172
30.9962949366309
36.7974535329267
24.54634445441
13.5436684430633
39.9944234030744
31.1037842184305
39.5022965501994
15.4234749963507
32.26615578169
5.62270175896853
37.2464180225506
17.5417357007973
45.1297200866975
32.9151326324791
26.8639850443876
40.7631375943311
21.8525233559186
31.7110177595168
25.7292617345229
14.7797871963121
35.0486592273228
26.7745693330653
30.3554120706394
23.6421019767566
34.1839264612645
9.37349796295166
30.9091413742863
6.45870727858441
27.7997444340589
32.2021272266284
32.5799750255506
31.4169373945333
37.3446321347728
7.8850538469851
26.5338143915869
32.9764568712562
16.1025168956257
53.1549197734477
25.807043700479
17.107504828627
33.9725080062635
21.2419800004714
31.2191201839596
40.2665916946717
45.4918743227609
17.9123358917423
27.1674837567843
40.0365144247189
14.6875791799685
38.7991020921618
29.6682404957623
11.3452905672602
16.3891766491708
32.1560145705007
22.7019122777284
27.5370673974976
29.4293020153418
19.0353888901882
47.4598286789842
33.6847126018256
18.2877254672348
49.1075011330474
38.962334941607
9.53984965715485
24.7538581257686
19.6986140334047
28.7194625241682
29.3723703377491
40.6378600280732
39.0009062597528
14.8991849273443
7.91375956032425
23.3689380227588
17.6333904848434
13.2822800427675
27.1565668517724
8.81975860102102
31.8162853131071
9.34468974592164
18.1600107578561
5.91165516525507
32.4219081233399
31.1018281267025
19.965560659677
26.4821635675617
44.3665855214931
37.7061818609945
18.9526466473718
38.9202792313881
39.4080769037828
43.1511707953177
37.2667542658746
23.138121154625
36.812897992786
29.7657687915489
12.9079598043179
18.1503968196921
20.2598182135262
14.7992541264707
16.4279847638682
35.288740019314
46.4857072220184
40.0355576304719
38.676705639371
37.4027451616712
35.0564007880166
35.7947704479073
16.4343270429451
27.5019056978635
41.4655879489146
5.61051989207044
14.2494310111179
7.6963339426074
31.2690228573047
27.0226155182796
32.7648745500483
21.6404295992106
14.4729589344934
24.0435622355558
30.9481011237949
24.8232679674402
19.0843340009451
23.0735065997578
44.5644216611981
22.1151576493867
39.7441119895543
22.0161221106537
26.6442592022941
20.4071116168052
42.8480468806811
33.856595295947
29.7208070755005
27.9159655678086
25.6541297877982
34.7954136435874
12.1704910998233
35.9310544168077
37.9917406244203
35.3613161598332
56.0299996911312
9.62104951031506
41.7762554017827
23.9090641671059
30.6495757657103
30.3525875820027
21.0989434272051
36.8028105120175
31.8563321605325
9.15465544676408
29.3377559515648
31.7742948420346
40.4055983293802
15.4637617059052
21.5765848936818
31.6905256127939
22.8697820542892
34.3293089652434
18.4672772535123
29.4651570380665
37.0746694039553
31.3695227843709
31.249470077455
28.5492809234069
19.7873291093856
19.5888861548156
51.9305035471916
37.8022236633115
30.0292705767788
15.4718767851591
36.931779992301
18.0350038572215
34.3390910483096
26.542063895613
42.7944628405385
28.1363253830932
40.430480777286
21.9736968473366
34.3484738432204
22.6427821442485
39.890433428809
20.0229368987493
31.6976719186641
21.639969780475
27.1205631899647
29.2589454152988
27.418549975846
9.56496593158865
21.2323177739368
44.0876616979949
47.8707307367586
42.2570815309882
32.337823708076
42.603316786699
18.6893602833152
12.9721645395737
24.8813076243276
24.2232719195228
15.1177006191416
25.3062141593546
21.8199927507939
35.5530702858232
18.5173813108932
31.1017479049042
33.0529121168645
31.5429461770691
26.0381906060502
31.9442774634808
31.0212096548639
25.0101354313108
37.7529192133807
19.7170293125069
24.5933412923478
30.9146024985239
33.5241716138082
46.9474767101929
11.684587073978
38.7670717667788
35.3879347443581
31.4324451855358
24.2675378336571
28.315924492199
16.0680252399832
20.6030343921952
26.2395134777762
45.2664217329584
43.8623224035837
5.00824350425741
31.5018503556141
27.9341619461775
20.1341655571014
18.8594711828046
50.8063391083851
42.4135363893583
24.0428178571165
30.4103174130432
41.0716989892535
34.0909622143954
28.7663743249141
37.9356001038104
20.291553705465
29.9405650002882
32.0645308122039
36.2856233959455
22.4267240904909
16.7653646087274
19.6352913742885
36.8470748187974
17.768804518963
44.9356285971589
33.3889057743363
2.27940013865009
20.911097614354
18.8670635456219
14.6550546510232
22.5591328809969
16.1604199558496
11.7566441651434
10.6403522176066
21.2825532769784
10.2156154462136
31.1593631166033
8.24920143932104
16.823598719202
22.7038540527544
26.8174993456341
46.8876378843561
41.2369790836237
33.4295992506668
33.673079079017
21.9855836592615
28.0557806857239
27.4028621264733
37.3672704221765
25.0773781794123
0.111917642659485
27.3610318196006
19.3188971417201
22.6041230955161
25.0144010423179
31.1138094286434
30.9268243500128
41.9264553119458
11.6539434818241
12.5819249544293
25.6520690512843
35.3286739904433
38.5781015153043
19.9516235967167
34.0985163347796
35.8765526209027
32.2565686656162
24.6256410875959
25.8949935785495
33.6453641447283
28.4927460935946
20.7862703178224
46.0436203284189
31.194104256757
37.6742538297549
32.3280078708194
36.1320170690306
35.6857878039591
16.3997381343506
38.5604212176986
23.3636206481606
27.7320997461512
14.8452608264051
23.9190833026023
52.9934505013276
33.217469311785
26.7000256523201
24.2473818479431
37.4395843595266
28.0553731368855
29.5603455975652
15.9481949172914
23.308342450764
35.9522412763909
19.1207589581609
24.1493297042325
21.7436868930236
23.4716327816447
19.3457009154372
30.049161404544
23.2214957359247
14.604086370673
26.416588289144
27.5635745725594
34.7708627348766
34.9499441566877
28.130928280976
25.486089522019
46.2082880549133
18.9592076232657
38.1152766058221
11.5949947263844
45.238252566196
39.4305818947032
22.7987981052138
31.2174587510526
22.3298808094114
34.4918506918475
18.6213031736569
29.322550795041
32.6503256103024
38.659413063078
4.1174853220582
21.7512696515769
13.1199420252449
16.7914961063507
32.8336827806197
30.860329004099
25.0550204655156
28.3782848436644
38.1667786161415
29.843659646704
26.9130633794703
23.2198564452119
29.5108038699254
31.7057364969514
39.140994194895
7.45049976976588
29.5699919325551
43.9539490034804
31.9195339805447
41.546935995575
34.1301790089346
24.8115758760832
36.0749482526444
48.0951423640363
12.0629437707604
14.2307572054945
27.9010311716402
11.4088513610694
31.1686413246207
39.2760030808859
29.6578617068008
26.5850126976147
23.2445068191737
25.3412851598114
30.6171250136957
8.51812191540375
37.2378048836254
36.4173291600309
30.571797345575
17.4791856785305
24.5858736103401
25.3158712589295
24.9310995801352
26.4161794097163
47.955920943059
14.9149763893712
35.5573075512442
25.0225784489885
33.6761826882139
10.4113800334744
24.317569413688
37.1967132668942
30.0819353836469
13.1136242067441
36.0911915428005
27.9359974894894
30.2132974611595
38.4955216781236
30.5016187950969
31.0311864936963
6.59677610699624
42.7859283518046
22.3046531318687
23.1632459443063
39.6440511220135
36.2469740677625
39.4066536216997
45.1176197268069
21.6094754403457
19.2036230466329
8.97599831415864
38.2847981178202
22.0521798357368
25.4354287404567
40.7136527588591
31.9047365072927
34.8229154425223
43.1916765170172
33.0570323159918
37.3825558810495
22.8291084640659
33.7223255541176
15.588495566044
23.435863342982
26.8272591987625
28.7837119074538
37.5162147916853
26.9997401861474
33.8724697459407
21.3527219750614
16.126306168735
9.20153633373702
15.7055645249784
33.6316045156799
38.685274834279
7.870605058781
34.451140940655
40.3265782166272
37.0746047934517
32.802599299287
39.1115101519972
10.721358214505
30.5986618650932
34.259365091566
14.0640942379832
47.8782223421149
38.7448256733209
17.0999163994566
17.9862987832166
39.0405266080052
29.000160691794
44.1713011474349
29.1493631782942
33.3446278120391
24.6433288818296
24.6053707553074
20.5689064809121
31.1730990651995
26.0412689996883
34.9085746463921
21.2402674485929
38.6458948720247
31.4939269815042
29.1811145609245
36.6995320394601
23.5412740512316
16.6884112986736
33.5052700247616
27.9788123548739
36.0932096955366
27.7444647043012
34.6161831985228
22.0493915956467
10.4424783524246
13.0722837522626
28.6949128028937
30.7384686777368
36.0782792558894
17.2969391802326
41.0544352373108
39.9658663664013
33.4880630347717
30.1335960162075
38.0855825962499
27.4602399207652
31.0595586430281
27.3535016574897
24.2516137543134
21.693859547768
18.539856816642
39.0735311899334
29.2017187725309
20.1150297420099
25.3161956930127
28.5292354761623
3.62807147903368
37.3419453506358
45.188966486603
33.3408409380354
27.728433161974
31.4975983696058
39.5885250647552
33.9710231171921
25.0077901873738
13.2252130075358
14.1240946250036
50.4510588711128
23.1897883578628
44.1204186645336
16.2104474846274
32.890826719813
18.4827706795076
33.374066313263
13.821675275464
31.6895359811147
21.6687976964749
48.2347018201835
29.4876506784931
38.6847006739117
30.6586282909848
32.19307330437
27.2817811346613
26.1589201865718
11.9000118691474
23.6452343640849
34.8630818305537
36.3680881998513
17.6907087676227
32.2389662149362
29.1134406812489
27.2378590190783
23.4213879564777
28.3454455202445
28.9132282021455
24.5896169682965
37.0507344254293
27.8375484849891
15.2710082873493
33.9006012214651
34.1008964809589
30.6746334652416
22.4142974686647
13.0872642737813
27.5974663193088
19.2268058541231
15.0636486832228
23.2835228322074
21.9105470459908
27.0241706399247
25.7149001117796
49.7767707682215
46.3225955259986
17.3737373901531
16.5464692516252
23.6785634825577
24.072181340307
22.5318246352059
20.808853127528
24.2033451137393
26.3891729176976
24.5215423015001
35.9229775029235
19.3807400297374
13.2177247924208
17.8541015018709
28.297152381856
34.9590679630637
38.50744451629
9.4498093938455
32.2512393118814
20.1754280598834
16.8802949949168
44.3260832573287
36.4298957632855
37.285199226387
13.2121958769858
23.6080228351057
28.2094563706778
18.1754064721503
24.4829624891281
27.0661679212935
21.6839991796895
37.3031744034961
25.2490655053407
33.2153167342767
23.9881142391823
26.8634845269844
34.529795916751
35.3773679584265
35.7745584611271
30.915055051446
45.6247951369733
19.6943795308471
28.9137972984463
30.5461019393988
18.6409583198838
34.9147343307866
35.8975922456011
24.8447304169372
38.8083627680317
40.061460994184
26.7675266301148
26.6462539710932
37.0188575936481
17.3653351608664
25.9225037094137
41.1371324211359
32.9702558345161
33.2589985686354
27.7657272226777
24.8916879761964
33.9902784442529
6.13815622637048
23.1463843693736
40.7102130702697
31.6055984541747
10.0524028181098
30.0359288114123
36.5268350928091
12.9924060311168
22.4196047871374
44.1148245125078
14.1251140289193
39.9653018801473
42.7844771649688
29.5710497070104
17.7818301286074
40.639783849474
36.0850638826378
35.5281940828392
14.0391760971397
25.8761337828811
41.9483211706392
11.7781583672651
31.1255877488293
31.7231635563076
17.1875856157481
40.6833834364079
14.0281888539903
28.3538462477736
42.0764059637178
41.022116469685
21.485303028021
23.7284902017564
24.8120190394266
21.6785731259733
15.417511445713
27.8115496273571
30.8868574697489
29.2268021497875
25.8822674746625
27.5783797726035
20.7410222617909
14.3245404702611
35.8433918561786
30.6177602964453
39.007460558787
23.9020657259971
48.4709246316925
46.12489863066
35.9707687748596
9.50178280541823
26.3777545304038
22.7906747488305
30.8778431382962
39.858122554142
32.3275906266645
31.4192431163974
29.0023815818131
34.0129400719889
15.2343471650966
46.1414256482385
33.7717086193152
23.620123998262
24.8937113326974
39.9900765158236
20.3702728968962
43.2182113174349
42.1491661691107
21.5841772500426
41.6374046704732
23.2003426062874
27.9305660049431
33.3902212092653
23.890638117088
18.9125439967029
20.7448709117185
33.6766369873658
19.4266846891163
44.6981283137575
32.1396148530766
33.6623522685841
30.9367881738581
32.1093987906352
40.2118661091663
30.1006923895329
19.1761098336428
29.1536579956301
35.8032134827226
38.6784748407081
33.13560642363
40.4634366743267
41.3495889399201
26.9190333550796
32.9330983688124
15.7395039335825
40.1226952322759
24.1660872241482
24.0178882260807
28.1618050880821
30.3809193195775
24.5009525329806
42.6008298061788
35.5234943213873
17.977492895443
23.5927846399136
38.0715415114537
17.6096129546979
31.1670372728258
28.4306774265133
38.1847120762816
39.7860839380883
13.5424159700051
35.3369038184408
19.5842545187074
6.96724788285792
39.4995152251795
32.8116623335518
14.13042236818
37.0639643864706
29.9518177442055
15.8578811843319
22.9525399430663
17.5520209302082
40.8783140592277
19.5076484698802
15.8946281616242
26.3589430949651
33.4865218377672
19.9789724545553
28.8565500173718
34.1913122450933
30.3771943167558
13.2768309675157
44.7306440910324
35.5200050747953
52.1046984802333
32.737364131026
39.7936694556847
15.297506747325
11.9443889823742
20.7870242724203
39.7637032088824
29.1864131810144
11.2961547682062
51.4323664829135
40.8640981069766
30.1974351634271
6.09043304130935
41.7757536750287
47.3510341602378
10.3063083719462
34.699928247897
33.0310835852288
42.7097382140346
27.8947264887393
31.8458711964347
9.03756176121533
16.1043155821972
40.7865916960873
35.5009254533798
23.51510196197
33.1722072092816
27.0351417479105
14.905763207011
18.8982719598178
17.6030987757258
36.5522205676913
24.6556191821583
49.686327134259
23.712549044285
37.9783219132469
33.6279558910539
35.5265353107825
8.81598573178053
14.8970805108547
25.7559753038996
33.7215682205251
29.3508021393791
36.1192350857891
23.3983721234836
26.3879244459028
12.5433919879958
22.1061983029358
26.2586619704962
16.5830145240761
43.754774692934
27.8027582564391
35.7535172486678
13.100437985976
29.698128614109
14.656867494341
53.2322200216511
16.3844426628202
22.9283499531448
7.21712200998708
25.6091096445525
30.1280076848343
40.2307581156492
30.4830272468426
23.262581101153
38.1650137365796
26.7855331418104
18.0984105806225
39.6129531087354
34.9360467838396
30.9308005264029
10.3107109697855
9.78463614592329
29.9050055396025
24.5375700278729
14.7656721062958
32.7028196188621
49.4651848683134
30.8956083725207
43.3190377196297
29.8045129165985
15.8145870314911
20.0445862021297
31.484191515483
16.8791475472972
18.8782597426325
53.7868791228318
20.6578328157775
31.6389989806339
24.1001109592617
26.5270445030183
27.7811003266834
23.2168113347143
47.5367885199375
21.1105557767151
37.1311021386646
38.1032784003764
29.5771249453537
32.3548707179725
16.0820156335831
20.4886756720953
25.2797712010687
23.519613113561
33.084257879131
23.0202789933122
9.07418548616793
39.4616182311438
29.7947210456351
20.880684396252
24.0110050071962
14.4663821789436
22.9132886859588
36.6923110093921
30.3378150681965
36.6196985822171
21.1085996590555
26.257336686831
27.3688981658779
12.7090038345443
41.710807085131
24.4640387447285
30.3834795432451
27.4266045307741
15.4411509664998
28.9385961707134
22.8512142668478
23.2867599930614
19.3991232366748
18.7370647676289
34.0525426450236
29.0051057003438
38.6936334391393
30.3045789389642
27.3968923604116
36.51619682519
27.900615753606
38.020044809673
21.5449616429396
29.3484634137712
19.1124473232776
28.7116392399184
23.4772562747821
46.4795685955323
23.1656132731587
40.519174025394
22.9303968837485
9.67453132616356
36.8507592240348
49.9318763846532
17.980775248725
29.5853463529009
19.0983639098704
11.3570697253925
30.9988830311625
17.1760645578615
34.4245950691402
29.0206659352407
25.0250574261956
27.7615395141765
32.0201160851866
15.8940123735335
39.4759775837883
35.1089410367422
38.1194857181981
33.2476910280767
50.9273745235987
39.0665920959468
41.8015650822781
23.2787777558311
14.360581239595
37.9427852458321
45.2214319375344
18.6636696363759
18.8496649148874
15.5823497292762
35.2426014189818
24.1321548703127
22.4261104711331
42.1436231816188
33.0754878348671
27.128555229865
34.8469222197309
33.4663018584251
45.8445922471583
25.6624643086376
16.2522554397583
18.2036711834371
20.3435492188566
40.1582537451759
31.5924055175856
11.1807519535283
41.8523466330953
18.7830816894119
13.1021759669169
34.0923228766769
43.3890205691569
41.2241865880787
29.8689774004743
42.4196151201613
26.3226464856416
53.8173544654781
32.2097633150406
35.056520025854
32.7116499887779
29.3810371658765
26.9577279511939
32.251469953917
30.136278946884
38.7142498912726
24.1690820781514
38.421413989272
27.0618194248527
17.7796310163103
35.4205865529366
15.1187638415824
8.85773682966828
26.6144354827702
32.5504197506234
32.8793876222335
17.2756220097654
26.3058657171744
9.75041000638157
23.6903195036575
42.6000307663344
14.4133602501824
27.2396646556444
33.0510783090083
33.0168303335086
32.7206378686242
38.3374617202207
29.7112264382746
38.8148886384442
21.6168418410234
21.2321121012792
23.3689470824568
15.5186361400411
17.7562259486876
29.7207183623339
12.9313226773877
29.1966603021137
23.696265341573
41.9521120958962
36.8302183574997
36.1747263456402
38.1422113976441
40.4385731555521
29.2360111023299
36.7790172924288
25.9669484454207
27.3302139732423
28.4524029702879
38.0566638428718
30.1785845425911
19.6556300972588
10.8643324230798
24.0984948906657
43.9937154063955
28.8301086751744
37.385365460068
36.9588822475635
17.660685904523
31.6201131558046
27.7361427656499
31.2011936679482
38.8206031057052
22.0476637361571
16.4334824661273
22.2561138481335
35.0582054635792
26.3101478107274
29.8296205583028
26.4331626123749
34.1293335683838
5.6741802720353
26.1946431943215
40.6425278401002
27.6248423731886
28.6074034287594
10.8397452277131
33.9872840791941
17.996752797626
30.731595272664
39.3473524600267
40.2291487203911
29.0291176177561
24.4183833478019
33.4268686361611
23.6566223669797
29.8300766036846
16.230069667258
19.8041207275143
19.4231381057762
41.1043510073796
36.8412562413141
19.8762207641266
32.6155370799825
41.5502666844986
45.7312062266283
32.777840345349
27.9937979648821
25.8147205557488
25.3337476984598
34.2878407216631
47.1863387734629
0.472965789762312
18.5962622752413
27.6693034498892
2.82302002888173
30.1983127137646
32.506882764516
20.2974958461709
51.0294245788828
20.9389250376262
26.9829886034131
36.0329704592004
32.4084347113967
27.4492658441886
10.3204552084208
28.7982942187227
39.6067123278044
15.5295214382932
22.6586659555323
28.1178571241949
36.1089354730211
19.5731899584644
18.7921395902898
18.5035577609228
16.8292148038745
46.0044494946487
23.8951177863237
9.21591790392995
26.3861657914275
23.6308552790433
3.52273808924514
28.200686944183
24.4003587285988
20.8480076515116
24.2954795365222
24.500422726851
48.3592770877294
43.6267768149264
17.3153622541577
14.6751584164506
38.8889345456846
32.8105776454322
30.2693169680424
18.455436907243
32.0683422032744
30.9164183330722
36.027693701908
19.4468786894374
36.1359941074625
29.1169963544235
36.3401999772656
25.3318905131891
18.346928874962
20.5044934824571
22.5849012262188
41.1075351526961
8.60048223948174
26.4981534448452
37.9483248107135
33.7437118054368
14.7999734032724
14.6615126128804
30.8423014241271
41.5138379205018
36.7979656322859
23.8462525536306
11.9477935159894
22.6624885573983
31.4759239205159
16.8893161928281
36.5308652515523
17.6246456103399
28.4128051484004
19.9178395215922
28.0515324091539
31.3568947589629
19.6225704392418
26.8277899827808
40.7651916363848
36.9167085100948
16.9891172437929
35.9908140962943
27.0586687722243
21.6437232680619
31.5057609113865
30.7048559538089
38.1704098395808
30.8943808569645
23.8336501875892
25.7062753769316
25.6418323726393
19.5858354214579
28.7074305815622
43.3685048832558
9.71330875611683
32.8765166457742
25.710407376755
47.8597004756835
26.833838049788
32.8786375466734
34.3780046096072
38.4350992972031
27.2852626651194
10.6077199393623
13.9119032577966
25.8052348857746
30.8375547872856
32.019759682768
19.0183131024241
25.3444081870839
28.1389731215313
33.5575549746864
33.425849257037
28.0990866478533
35.3205762687139
31.8342915968969
43.1689192657359
45.0210805982351
24.6928639244288
42.0028803055175
26.1237988248467
35.1546685094945
34.494377032388
25.3643194324434
26.0889876934578
27.6353975221582
27.3866665433161
14.2599860555492
36.8774966918863
44.4450440816581
14.1764006344602
27.8767769923434
18.7640315722065
27.5864369818009
35.7638107147068
47.1583937527612
26.0000307219522
42.5986943766475
15.8819221425802
14.6808299367274
44.8372999322601
6.62005778867751
15.2493924368173
30.2401237973394
31.7632772494107
14.8552127843972
19.5694365072995
38.9880873961374
25.6999175025775
20.3780554174236
33.5014470038004
11.9926453660142
32.8021054584202
21.7499775113538
32.0598515798338
20.7975135999732
27.0198660087772
37.6725512988966
49.0012750262395
29.945330217015
24.7038833463232
14.3701076391153
35.7373651117086
28.4230102922144
18.4418638796684
30.5626352418535
39.5229509216733
35.3004700038582
33.2938212552108
34.2728771734983
10.2348544829145
41.1445118836127
29.6602030168287
25.0462675583549
31.5259105875157
33.4627543925308
43.1491620023735
45.9385948022828
38.9675442595035
34.7362599684857
31.2902298755944
29.9366326304153
39.0732909785584
43.3299318188801
40.601338329725
23.3119048993103
15.8744091982953
12.2620866517536
30.5198224028572
18.5257196193561
40.8518340904266
18.6557692824863
30.3073012386449
27.8106966172345
41.1040006089024
34.7007787087932
18.3254341129214
19.308381792984
25.5093010375276
45.2046596595261
35.3797549714459
32.5787105946802
32.4862508677517
26.6923728631809
30.4179083090276
33.5490114099802
25.8708008461967
34.5625182730146
28.6352176219225
25.6909011545353
18.985617194506
39.1814398113638
26.8042557640001
43.7150355312042
27.9808244900778
28.75053078169
37.6638856600039
17.7702809683979
32.8792275977321
41.6840137797408
39.9231295579672
41.1526831216179
22.5131937302649
22.3049420281313
31.1951713752933
37.3349918285385
16.9711969443597
27.4977582142611
25.3888564417139
23.9306616559082
40.9261216173328
24.2385013182433
40.0128990550499
39.2257472150959
18.0356384022161
10.3789073433027
29.087772436432
35.7836920721672
24.7678677777158
35.4805063274287
27.5321341934614
45.316205592826
24.9615507374259
19.3185783843861
10.5199636063604
38.3192369132303
18.6015003001438
26.7196054221131
17.4489785157216
31.8203662172891
28.9696334511973
34.3511294689961
17.3176947981119
33.3502763067372
40.6564648845233
45.3719458426349
32.6901504769921
24.1899462306025
45.8010731963441
22.8860086121306
31.8288059684996
40.9921944024973
25.5786967210548
8.4945872775279
26.1627922473191
18.427915207576
21.3380716159008
39.3089835997671
21.0371160297655
29.0590214892291
42.1421974290451
38.2426311029121
32.8154346712621
43.079119711183
33.4091862430796
23.9835028653033
33.4147924440913
18.2747414731606
35.1718503283337
13.2732273079455
20.8773940452375
24.6074479655363
22.3606690981207
31.6605175263248
36.3139509572648
38.8510573888198
39.8858637548983
7.77115467935801
24.0541290502567
21.8801417620853
35.3504429105669
14.1574383247644
25.9230660740286
10.0963286007755
31.0016144416295
35.3881359798834
38.3410859503783
28.0304080923088
33.8543562102132
15.9201784408651
24.0547104156576
20.0289556290954
34.3469070503488
16.654510750276
17.9857710467096
39.3899897695519
15.3669493185865
35.5700559332035
37.2935273917392
36.8975034565665
29.4383285217918
32.8507064608857
32.8291075187735
18.467526580207
20.5688710673712
23.8970024549476
39.1096653649583
46.0385253536515
40.3457196196541
39.599169537785
24.4453069986776
25.7194529869594
33.4716325742193
21.2697537266649
12.578701609975
32.3599836439826
44.4272981956601
16.6366514051333
41.8697055545636
16.9543977469596
33.6173958959989
12.3078280910249
24.5497286785394
25.8650472127718
30.435803392902
16.3769146772786
8.37386635830626
33.3547663525678
