"x"
28.9598075905815
41.0402769921347
41.2771330620835
29.6795642352663
56.6322959646218
19.8305732247844
26.8475168850273
52.8425758991155
26.9358880468644
7.91542563820258
32.5765728484839
45.6644797362542
40.8284767181613
32.4839605018497
26.7895113793202
46.82345490437
5.7574044486064
33.7789132923041
22.4056431907229
22.4659180936596
27.9622290776992
56.9713822915219
54.2096515418962
43.4168759966269
30.362821475137
63.2375436834991
44.0916643776164
7.88138625851707
56.3920103595592
38.2331726141274
32.881777966395
11.6045773029327
1.45950529258698
35.3549757855944
5.05363840574587
29.3305109371431
30.8341927593574
21.8346223700792
20.7306665251963
28.2785647557134
26.1792825185694
62.3967472480419
54.8332059406675
57.4858063482679
34.7539805225097
27.4739168235101
34.460014954675
20.0468544030809
44.9033318436705
36.8491870403249
25.4187879036181
18.5801350162365
13.5361704136079
42.0372663647868
35.3172917966731
19.1957202041522
35.8261225768477
39.6262931171805
9.37600591019165
19.0187555854209
45.5104474009555
40.4337699874304
34.8785995265407
18.0211470578797
33.71432481768
29.123219119425
37.6377116286358
28.106838190918
29.8489981214516
50.7467960137111
38.4122591349296
9.12511174101382
41.2404259793866
37.3658837052062
26.5133348293602
17.3391666080975
17.9974120217809
19.2372367577844
40.3372733853757
37.215385818854
31.9641457172111
14.367428375491
40.4656554455869
31.2884166702113
6.42816769942909
42.2914862372239
44.4437396363355
38.5232243570499
30.0727672874928
39.8329277522862
21.2700885604136
47.7479241671972
15.3392995707691
31.5227797836997
15.6655734988123
37.0216504088603
45.4047180246562
55.2779490826651
34.929332556203
34.4957074543598
45.2706078144278
11.4289340563118
45.9379148247262
32.3479852332644
50.9806545781096
23.8336688489653
35.3356324485503
7.46205862378702
40.6170906970498
23.2938961707987
21.8530707769056
23.8231008988805
3.86115512810647
23.3607867849059
18.562127828373
56.1046974617057
40.0097239649093
40.8787282338461
31.4925443803937
52.5531411331409
21.8296148232184
15.1276743854396
17.3071220045194
10.6242477078553
45.0321044772863
40.045894740615
14.0663457836133
36.2530455249241
36.2742684083059
12.1794143342413
27.0224220585078
27.0743877626956
36.8259990530902
47.5637322524562
10.8867267845199
29.8093855381012
7.211072021164
32.9928800347261
25.4282570676878
23.9386529428884
11.049440114881
35.1346308196238
8.85869859484956
33.0013330676593
47.0583540154621
22.2931503667496
56.1693217605352
35.2299388590329
40.8007943956857
14.4088982488029
31.793624162674
15.8007117407631
54.8325275303796
18.1100798587468
38.1622520508245
23.7218376714736
31.7306133219972
9.33542841812596
52.7150754933245
24.1930934134871
16.99316862453
32.4696160969324
45.1313672820106
44.169891131193
42.0183007925725
49.6717599453405
21.111204386664
7.42306935430855
31.3729973078755
27.7452552109025
47.4736418109387
1.69579760404304
33.6520020500757
46.0088908439502
9.44413943216205
26.0545733315396
33.4945394268992
49.9820351165016
28.3412839635275
20.5755797214806
30.5611739167944
26.6684169182554
26.5497351218339
55.478902766481
18.5618025147366
28.3253186354507
1.38463033656069
37.0716534746124
9.06715754964352
36.2435847637244
36.6487002465874
23.5795636235853
49.8023253167048
23.3000203152187
13.7040496920235
51.4846078003757
52.4781435097749
64.0423568686422
41.3191054831259
13.1422012366009
59.7683494371453
43.3948046411388
10.9793167212047
15.4995652846992
27.6947359670885
37.0008434983902
12.032405325341
53.7223999854177
61.3199471263215
60.6223392533138
46.4575596852228
26.6286990954541
35.6405714410357
36.4709041896276
59.0261337347329
49.5568017358892
29.8559342631817
43.396481894888
19.1743161994964
36.9501978120447
39.7077522939071
38.1703297760337
46.5209679678082
23.4700874425471
33.7674969341606
48.6398199573159
55.536393658258
34.4252213835716
4.45421829535482
19.8546820320189
44.9664262123406
25.8226754646644
24.1048383177258
35.5141598847695
42.4717586138286
9.715570602566
34.9976296598344
25.2177666989155
28.8361108926453
11.478413536679
29.6072214173892
27.0319481746247
44.9530109181069
58.1365477410145
51.0351880220696
38.3387772017159
43.655626475811
29.7883924213238
35.1734245778061
9.16889018844813
42.0547824796809
34.1882047941908
53.717237256933
11.9394588982686
44.1866732479056
29.2166820136182
23.7336472491734
9.73339763004333
42.1928391839767
46.8221805516934
27.384788738971
26.3109425432049
34.8303867182294
23.022134249355
41.5541162801789
36.6660492413621
18.6571484664455
41.8961073155515
51.9451565924101
59.4570129760541
21.0056417272426
50.6113086012192
4.48485091348391
32.8935426569171
1.83689964695449
13.6470251001133
30.3270582080699
26.9017045502551
32.2878229781054
21.6264750342816
54.6553051099181
26.908386265859
31.1786133097485
1.43536215182394
35.5001403368078
33.713696461662
34.2467682785355
31.1650196090341
54.2632352444343
40.8287391765043
15.8977605490546
46.5397159568965
37.2477105678948
16.2183456704952
61.1946439021267
42.141503712628
51.7919853446074
27.0348499179818
42.3368551419117
10.6429195526399
57.8292480308445
22.2371296258643
32.5152089353651
51.598776364699
49.2414282052778
50.1490811584517
20.8193956059404
34.5629444927908
55.1605931832455
48.5189164173789
32.8378867125139
37.0254791921768
8.82873084628955
35.5845055868373
44.999927515164
47.8352828067727
43.1018919097173
43.4159769402581
21.9449404394254
17.4145257560622
50.4085237751098
24.0245063165271
17.9066912969574
42.8390490706079
46.767647548602
64.8592878715135
25.8450698456727
4.27642955149364
43.2972164424638
6.69734057737514
33.5633865906857
54.2610383708961
36.8117439211346
41.975257114253
42.2384658595547
29.2026058947077
56.2499326188117
42.1171589987352
37.2662603622302
31.6112686414272
55.9727509971708
27.062407345511
11.5000809002888
18.4980866033584
36.0648512635039
74.0472073666751
26.4393870862014
28.6181920673698
27.4416962638497
31.3617212814279
38.3595223538578
46.5005971285789
24.800396815408
26.3276488925635
45.5519371898845
10.6322090141475
33.8538365322165
37.2511626729052
15.5616748379543
22.0154991533504
40.4546586796641
33.7297843070701
30.8167136390693
4.04141063336283
35.4707382680527
42.7459555602637
47.3797964514233
53.5501934355125
22.8755360585637
47.3325009770238
24.3969652338129
60.0832829950377
11.9312625029124
26.2543095159344
31.497375224717
36.3702328530975
15.2030580394399
37.7534104627557
25.7745629060082
25.5169884767383
62.169115699362
35.1081385742873
26.4314819942228
21.8960629932949
52.6759503991343
40.0170464999974
13.6085384352241
25.2676128875464
30.5845077382401
20.8901018486358
38.5610556813902
9.45055222837254
41.4639131631702
30.9840228833908
25.2184041746861
36.7842198131568
55.6562410783954
45.1702389982529
36.2815935415019
10.5444540181884
22.8232583189206
32.2620190774394
53.9010249281511
57.2533591184765
48.6181656015106
36.5290062618442
20.1221936731599
11.3345346180722
56.9802510435693
59.8504224908538
49.2884354316629
71.2034424650483
22.3911976102376
14.3942384747788
41.2017925991677
53.6608034622276
15.8918343950063
28.6161940328723
39.436532856519
47.2851633676328
66.9738719007
59.4177347957157
33.0109889619052
35.028372161591
13.5560330818407
22.1082300817751
18.6691068229266
59.7177661256865
57.0672508874176
21.0777859902009
35.8602597261779
67.699022765737
20.5912498058751
43.5399645357393
25.6100229475576
15.3184823879959
23.384572006762
41.3966928026639
35.7013764775991
17.2181515895681
9.67398553621024
14.784048544243
43.457823805511
53.0615678871982
34.0216270997189
45.4289608751424
47.0579563989304
33.1030405359343
21.8894050922245
40.0716894073412
39.9731805678658
23.9055081174691
28.0599220423028
47.9604688007385
44.1334821887809
26.0016423457994
28.134451888036
13.4806274777013
17.3020795336924
29.4174737964679
18.5052176238969
45.8862891886989
66.4828499429859
17.4386983853765
34.1063907253556
19.1607875749469
34.0292574066431
21.5763027663343
50.1079258392565
43.4494966916935
38.7435663142242
44.4599932077082
29.4086281947124
45.8224304406138
45.0051945517771
59.0807081898674
41.7985655949451
41.5958811645396
37.7690817113034
54.0519414353184
29.4282506802119
7.45279514504196
32.859418890439
27.2626698133536
61.3979808986187
12.7091518576956
52.819627802819
47.6783899645863
21.0770163103007
26.4693468461495
61.2915799450341
3.75842669745907
25.2459894982167
26.2377839535475
50.1722130575217
43.8009423669428
41.2463360116817
71.9621799071319
32.9684936441481
46.8951006769203
40.1222252403386
42.8828331186237
11.3727322313935
5.45656197937205
21.5985657996498
41.2265786653418
17.5490932306275
38.3038341533393
24.8942193520087
6.97358854813501
23.6452744575217
43.2875900296494
25.2186400603584
27.6026829378679
18.3006328356765
45.9657356259413
71.3026748271659
72.1989747253247
31.1770524884063
24.3034854065627
38.8262459891848
31.8561855820008
33.1104359356686
27.4566105217673
6.65307370945811
14.2256707767956
32.230377454464
30.7707731173991
49.5859672664665
59.9651674856432
26.4898902387358
39.2202167422511
47.0159928081557
59.3102183192968
34.4977906788699
23.5550558427349
37.7760293195024
21.6084257117473
43.1597981951199
15.26695425855
67.2761559253559
29.3329210835509
56.4918731688522
24.9039308400825
35.869263287168
45.4009596724063
18.4815437532961
33.4201008663513
43.6044956478654
21.4195790190636
48.6054125358351
12.6143821209699
46.649910043925
28.0881386133842
13.083015801385
40.9982060664333
13.2703115814365
54.8469619988311
49.4245269801468
32.6106519077985
1.05878047179431
46.7752227559686
23.1123548001051
31.5943483728915
4.89784893579781
22.0801929927967
62.2332710772753
28.4519842243753
53.020891325875
43.8737512449734
44.5077912299894
39.0620358168223
53.9529503439553
34.4398826709948
43.4367182364922
33.8874699444
47.9772734717869
44.7204492584731
23.8407138967887
16.7555985972285
42.4391295466543
43.3484819861923
9.26138211641342
9.16710119741831
18.6288447813411
65.2967570918903
40.3633070527576
34.8978287656792
0.203303177841008
22.235435984629
49.8303155764006
8.06985388044268
66.1967182531953
66.1740664509125
23.4148899908178
25.4955726559274
26.6584664932452
31.0181864770129
34.8511567209813
25.2440046169795
56.4156867330894
52.5145373827782
43.360483206879
49.0785348526216
62.5254792976193
45.050450542476
8.90162622090429
36.2872829796487
34.3735005202349
24.8911445067225
59.5604766858742
47.3227452798081
35.7676124549471
29.3337562470697
62.8019077703357
35.7255732276012
69.4617422729578
22.1645119599998
42.7080836961977
15.8224207698368
42.6665777340531
45.7854102087431
20.5128853558563
10.9852208988741
51.8330682348823
43.8365371481953
30.7271135702959
34.8016077186912
33.2157381926663
41.0741420129976
14.6574512473308
44.9568190884071
62.2505366336554
31.9283597054891
41.2913176114671
43.5361791751347
25.133006863827
25.5942655506436
70.4233305295929
38.6068355292082
53.9100409951061
21.3233398972079
39.4436436472461
40.229274192825
53.7914877961675
42.9691263125278
41.5732180117629
40.4266447294503
28.5984188279982
24.6781446621753
26.831130368298
13.7080319109373
19.7847264346949
17.743904259562
4.1619545663707
39.6424423670396
49.3993387790397
13.5118547477759
27.99511270642
24.6948332605578
26.4006166241997
26.4559274655767
54.343621712178
43.7276597949676
55.502558243461
18.4717025840655
19.676424550422
35.8950785776774
8.03467446358473
33.4873811752918
56.053688225802
42.3080804757774
29.9914322677068
56.0876640956849
54.3927548569627
20.1756818509804
24.8723296099342
35.6232639751397
47.6477319025435
31.3322505680844
33.8277271948755
55.6081685936078
47.1993499668315
18.6927890639554
55.8290351764299
23.2619003044302
21.6455613057937
34.9424654361253
31.9116885278878
8.09409603243694
16.6414026753046
52.0143550238572
32.0730336619704
33.6441594990902
37.2456012992188
36.1919926119961
53.1920688808896
28.018017562259
35.1049465454143
45.834957039915
43.4960179263726
48.9627740548019
54.8345412244089
47.5032671238296
43.3039169874974
38.1551876830527
45.7333900849335
14.3520163255744
48.2787291985005
57.9008951819731
42.1584313662569
43.7784752575681
14.1274124345164
29.2453857255168
60.9748243812437
54.6525495592505
35.213777795434
54.2090317467228
41.8289138469845
53.2960385316983
68.5664363783634
49.3464048486203
31.8051171241459
57.1425804519095
29.4320826099017
25.8075405735294
46.2102966079212
49.1557411151007
42.1623488073237
65.9165203687735
17.3592561041005
31.1084007844329
26.1791656957939
36.1281710211188
58.1448660232127
58.6237202545757
44.3349915135338
23.6845141625963
20.3687412518685
17.4970313946364
23.1295021949336
31.8491598013856
32.8867467469536
27.7743757641749
25.4483162283567
54.0913465665653
40.9430721483057
28.0877365754705
25.8896767045371
37.3761582545885
36.6627646726556
52.4360374432123
15.2001261594705
66.4994425133991
25.8310600183904
21.6092738555744
2.90513836511194
22.2701271959965
38.9779837569222
17.5395820988342
24.387449456917
23.4596241815876
33.1916738637253
25.131213304121
59.4624035875313
22.1483280638783
6.4636881579645
36.9326935539305
22.8069196455181
40.3983062619933
36.8263974669389
36.2667100492592
27.1601767799535
48.1115113943815
26.6950501245447
64.707943238318
18.0466819438152
41.6571188252419
19.2417167127132
53.8931849824844
40.9546718583442
59.4117267739609
26.8894193862307
33.8854780420661
31.6377192502841
56.0236287041723
51.1648685184548
27.2920457646251
39.758748782333
32.4634161661379
0.36198494490236
43.9681380521506
28.1496547395363
68.8617010487412
18.4042869067747
63.8247139868326
14.0389420557767
68.1772944517434
53.7863342906348
35.7233408722095
30.6159655447118
34.5137742697261
58.3620785619132
36.1474474193528
47.4383672117256
61.820442264434
35.4156389366835
15.0993406423368
30.5890691233799
49.1512703592889
31.1188720226674
31.4921531244181
21.6317710583098
11.0041819280013
36.0631080536597
13.5570959520248
32.4783443938941
36.1567146821739
30.7165585109033
33.7472971683016
48.5948279965669
40.1317834326643
23.4999946436167
23.4482048545033
41.8326800109539
43.0448304978199
42.8655939176679
37.7375864773057
28.5182798979804
30.5598981853341
36.8128585978411
15.6543563352898
42.3778638360091
49.4839752791449
13.8574416356907
40.4203361249529
49.742817370036
13.2901531760581
18.4732269505731
32.3033157936924
61.0198060167022
19.31779604638
34.4126710551791
60.5985666625202
11.5841800834543
29.2468383012511
20.7406836561859
43.6146063148044
29.9032814800739
30.6080690736567
25.2982234233059
33.2585427095182
28.0333954724483
4.4278009963504
10.6156165072735
50.327580946032
43.9840198378079
1.81901373434812
63.022960210219
33.5455202148296
33.8816049625166
17.8877134232002
38.6445643535323
47.3095965571702
37.3698472789781
68.8857395434752
39.6632888071006
40.8531198211668
22.5858149933629
57.5376057531685
18.9296724274755
44.0476294670733
42.0642662211321
20.9112770875834
47.3299832665361
26.3163908966817
1.3944354141131
8.57183686457574
17.6962332334369
64.7433193516918
48.033012148622
29.6407761052251
12.138721998781
23.3987547442594
30.4361419465289
9.00818338802779
52.9662166372873
20.4958866350083
36.0835890751332
43.5098092420958
26.6415317469127
40.730828710366
10.0924575235695
31.0697959611547
57.3963189381175
46.3369291974232
12.7044069231488
33.9256137045893
40.9514013445005
7.39513704320416
32.2234395147891
16.0124198882841
17.1412146119646
6.30834602879496
40.8987309474897
51.0330097187703
22.8124306965292
19.8598850606736
38.7805342325009
17.4719871138223
0.142826928678784
44.8915855376981
28.4783062189253
49.9689684947953
51.6920555965044
41.082919226028
25.0524101985937
6.23736062039321
59.9943106644787
35.4763012728654
42.9283506612955
36.6892965394072
60.0830329349265
19.0563491196372
23.2664964278229
26.3215455925092
26.6435555463246
5.06030884571373
28.2435748997301
31.6298971883953
38.5710406272828
46.8836157233454
24.8139216945094
57.5497896573096
35.8637917817857
16.7025773553178
44.0961816930212
64.7314410307445
33.4758599055931
47.4380620289594
31.9495131676247
24.0052150329575
44.1313483170234
28.4127937293067
31.1690422822721
35.0498331179184
31.1943224948806
49.0077552967705
25.9733042912558
23.8592287929831
29.4482783647254
30.401669453408
33.9255721773952
28.901191893965
32.9017239273526
26.3015566742979
34.7675267875054
0.376116547245287
30.0158702884801
6.79502811952508
22.2575418301858
26.1558761703782
50.0131993903778
55.7818850665736
37.8257632837631
22.0811362378299
13.1088374646419
26.3646134990267
33.8825081549487
47.9000460472889
31.3731228234246
53.3387454343028
47.5958281313069
45.6387179867926
28.3204703009687
14.4027671194635
30.5041751125827
57.8761732322164
40.6379211344756
47.8415226694635
42.9634957705185
9.09523976615535
40.979930316098
26.6798916854896
6.68550713453442
11.2265703840798
59.5551616231675
36.9244548035213
20.7047701696865
29.8051625140943
45.5596853862517
43.4242499177344
40.680393227376
15.1639503892511
58.8706547487434
44.0772136820222
11.2211793893948
19.2930544144474
73.930254962761
43.7225615205548
59.7100730073131
16.5852856626589
40.3577808493229
44.1000143182464
7.18817359302193
26.9574412959628
27.643458288123
54.5650672866032
19.6351708145812
36.9074127520435
29.69694897431
56.9332774030045
8.88000422855839
43.798707658425
33.580134435491
33.7305670783699
32.5832510222278
31.9686723574935
28.6118507347256
33.7704683188349
19.3066295293906
44.5123558165506
61.9339265394956
20.93453100096
17.055913547624
34.9130448866564
48.1220449437387
46.970998053439
36.7036428069696
31.0172500321642
36.9592079467295
21.8321809079498
17.6406976534054
16.4093994568758
29.7439130591875
44.5906599634327
14.1773284289676
2.66082608141005
75.2721914323047
52.7619962813333
41.9113343564836
57.6341396081261
46.8474858207628
32.7582345926203
11.8668209668467
38.7785636346374
8.5220446344465
32.5243251863867
25.9829107882303
31.5085031324998
66.5003041527416
27.2939706773223
11.3628488616087
30.7194406050257
4.38491184503414
27.4444412789308
42.7999793901108
36.1888169206931
36.0885302652605
52.6830760063604
18.7205469119363
40.8640800160356
52.3792408639565
44.7319801314734
45.4430819590779
56.7131065872175
25.0175722176209
21.1898568359094
30.310244357679
52.5310914963484
43.5014711692929
17.9041100782342
40.973409248671
44.3296818365928
39.7564371814951
36.0732727834497
43.8124273787253
35.9634762437983
27.9391596082379
27.2702630678226
31.1076295911334
19.3423946620896
12.8585351089056
15.83699336987
28.5835987888277
45.1131970669571
54.2138065254366
26.6605762519234
38.7478768243454
35.7930610189214
14.7749867173843
39.6635797224008
37.8498958307318
58.0050519201905
55.215623404365
50.0227577285841
24.5481838937849
30.1260756670815
37.3092238442041
35.7839385396801
28.1434479377414
66.4714697049931
18.4147977270186
21.635050768964
18.026749137789
49.9139839084819
19.5589478244074
44.056172191631
55.2862970507704
31.1722512981029
34.7562491660938
3.75709868887978
28.3421819913201
53.9002564619295
44.14540855214
60.3213122230954
37.6376679632813
34.7531511161835
33.774423180148
28.7002259181158
24.0940657095052
16.3924918424494
30.1012349082157
7.04229203984141
4.00866236304864
21.2198913213797
47.3905935068615
11.0794266802259
47.265745641198
33.5073472946816
4.26191376755014
47.4043691065162
40.5477719032206
41.5019248612225
53.1769013614394
47.3387323436327
12.8323917160742
52.2971108439378
74.7514051618055
59.8348812782206
21.0275886347517
73.9578803955418
26.5960873120556
27.4283736047471
23.7167434577438
35.0451713893563
27.4510982562788
30.708589067217
55.7573130936362
14.1350827179849
26.9752833444318
5.13027026318014
26.2566681845262
34.9645789361831
45.1196164940484
43.3075767359696
36.631290691726
51.4659215565388
46.2408536571007
6.93384651094675
29.6236206195317
36.390924884472
38.8291497947648
40.7404156867415
45.3888039337471
3.57871870775857
31.6332901711576
18.799785815645
38.3899581383297
45.2129166102307
5.23683057158518
10.2053798328559
23.7762273172848
29.1893782420153
24.530174450224
40.4293257019616
49.861288338434
40.7004202716053
32.6866422547027
61.763183621224
43.4304341906682
49.9966750503518
56.735550169833
51.0208163177595
55.8479384007037
31.4139401048407
43.9196889637969
13.4355917107314
45.4005682258867
14.7084099589847
68.6760529525583
43.6309571464343
46.7890394317624
52.0319240929449
30.3568120194309
24.3019970366731
59.3722533085383
31.8966030208395
42.7486241678707
59.0441265958361
15.901964490473
36.1388842631473
16.9152331072837
34.9518429254745
25.8701246553967
43.9260766725056
37.774115862312
44.3547312752344
41.9653971912339
26.0935976984911
10.63213031739
41.9420635035567
15.9916889388114
16.7221691226587
29.0914994548075
16.8947141501121
34.3796312226914
25.0793843596606
27.2276978357695
15.9505441087712
46.6404079967871
36.0669161309488
44.8030164698139
51.2923960923217
57.4501713029979
53.417272400111
23.1614647782408
29.8479778574119
36.0715290298685
47.6445975364186
48.1079682352909
20.0287183998447
38.2494677905925
28.6857951536808
37.5946421409026
21.9674436957575
23.7981725514709
38.4297088603489
21.9082041153873
35.2252851589583
63.9497694210149
35.6295277015306
20.230800261266
9.90878957900754
0.0511686084792018
47.3047888372093
19.4504551745643
0.681286398532594
9.62453539250419
22.9427574086003
16.4823784250057
45.0101473255505
37.5308104557917
33.447160734795
25.6266508949921
51.5381774166599
39.6514742493853
43.3026188402437
69.9616269557737
39.4517109587298
31.8985166959465
42.6963979261927
40.0523543939926
42.2662384808064
37.9816254948098
36.9004115927964
52.2002669803532
53.140428049522
44.5786354830489
26.0904054157436
41.9011790475959
48.7621349748224
47.878431766966
32.5215764507968
32.7996474905795
48.1594990706071
30.3767687873915
22.5312249967828
16.3974921627854
54.0998058859259
38.2279854384251
19.5851742173545
26.1776486877352
32.818412699271
26.7107790089531
24.1739137563854
60.76613211284
32.2742445860058
32.5895209680311
39.3803319893777
27.770044922363
41.6352969477884
31.0319738928229
27.4600487152975
30.4615626875749
31.7573120701127
48.1272281031124
0.734198081772774
56.3738123746589
2.3462290992029
41.2658579972727
31.6920910263434
43.9735003419507
28.3787442689872
3.21894331136718
17.4345565028489
38.9571191626601
51.4784031547606
47.1186753711663
42.3385990795586
33.1410986280287
30.9362495900132
20.3913659206592
60.1538854534738
37.6341174705885
41.4287750609219
45.9216657909565
41.32189322263
52.7900404995307
32.5856083072722
47.2668525762856
36.2415935378522
34.089718658673
33.2308801007457
44.7580111216116
1.8271937372902
52.0878208917566
44.1602117493367
22.096787094931
51.8182092127773
31.5775072085671
47.6851119310595
35.0982424337413
44.5076053780305
35.7554622460157
58.98252670886
48.4149235999212
20.3812132352378
36.045684304554
27.1970054467559
47.0442736404948
28.0958340736106
42.7528829313815
33.1924063741712
32.4481215556355
29.5026256935671
63.6563385699379
53.8187415222637
60.1653659832664
38.6211692239158
27.1036357153207
44.2099820526628
36.4247859688476
17.3366532544605
14.9631989050445
57.500280730892
15.3691921732388
3.94416688015341
51.1933714733459
52.4927228702811
41.811181976215
25.8179231896065
55.1522560417652
14.1837939154357
31.2491215299815
60.5489949230105
41.1230282625183
32.7875814936255
42.3192298621871
18.9604072597627
32.1442256681621
33.4749446483329
27.950635396767
60.7265452197222
43.2569733238779
61.5804571425542
20.3975471667945
38.33226300776
52.1942492341623
19.6490818634629
26.1893051029174
16.1340876948088
38.9504471095279
28.4979788782215
41.0700932843611
46.3076237938367
15.2383569292565
24.0604364471347
57.6003397582099
54.397830716305
26.108221441973
21.9534866628237
21.7465292662382
51.6002451186068
32.1675009909086
29.4849308556877
4.75321642689384
10.7416509098488
6.68270187452435
34.9843807042026
21.0615513100241
42.9033554747056
11.8740104667998
26.2179786777287
18.1983853032531
42.0441288733855
13.3422678336501
11.4907023215847
23.6269642482512
40.7039449783042
40.585788892269
30.1262972061522
7.49600049169101
49.8565037269145
63.5619767159119
53.9452639313433
52.5955915800296
33.1294031348079
12.8322503077285
31.5138448495418
69.1316412412561
38.2205514353874
30.5735161901823
55.8104370720685
19.2762101651169
78.6558462423272
44.0636168792472
21.1151547846384
38.0605229292996
24.3305404498511
40.7416401072276
17.9231473324989
49.1644673998321
26.0426393942907
37.7319768886082
13.9722178988019
19.6984656083821
38.8732988503762
35.369323391933
50.8613224716158
30.7921596686356
57.0729351020418
63.24093072908
25.5420677612395
8.96077713696286
46.0229879827239
48.3387473145585
46.3354155072011
25.5085261305794
42.6843336317688
42.024347872939
24.3538131471723
35.7500448008068
20.8959616056217
32.3595357232939
22.1393757965416
29.4018638669513
59.1010453063063
36.3923778637531
26.291736736311
53.7134295445867
21.3952536646691
24.4952333159745
27.0573574816808
22.8541525430046
45.5866086413153
43.9215238438919
33.3288256078959
31.8729651044123
29.6508332144379
64.2730880063027
51.6005167349219
31.5654015626855
17.8156304755248
55.4593557026237
31.1066133435816
42.9802756407298
11.8203699479319
34.7767801722512
27.0256927469745
46.4978378731757
63.8094218447804
25.6038263905793
13.0433809245005
26.2633359525353
46.5805412386544
60.5837962357327
31.9062850453899
18.5027624068058
32.92371022139
30.8607584681286
55.8384748292156
15.6757244258188
22.8199755656533
6.11428619668677
45.3767235740088
50.4440484236331
24.7058479695586
28.8075630669482
33.7607977850778
25.7910888176411
28.2536997692659
5.29709608268657
37.5613349606283
60.9710666315039
55.8833801187575
54.5787535957061
47.1499252649921
38.2249060785398
33.7352791102603
31.3353267265484
19.8606540645071
32.2881226311438
60.8081684203455
29.0277594983054
39.7269308542628
39.3796160351485
45.943106058985
43.4334091260098
26.8420960765037
24.9820072785951
44.6458494407125
18.8782876357436
65.1794393197633
59.4572798581794
29.3003045435157
62.7536814427003
28.5802834501324
21.8044594512321
36.980320350267
38.4721482405439
23.4158363309689
38.6987685924396
40.1648451103839
15.3493733446111
15.7082899822854
20.6099019837545
44.2821143660694
23.1674872338772
49.3493655812927
21.2519335909747
41.9004976283759
33.5626470422038
53.9965273346752
64.347626757808
11.4623764529824
17.1865514130332
18.8097670342646
15.8799790904767
33.2886794205945
58.6052658036351
20.9825986530632
37.5925964326598
27.1495443303138
33.0719615723877
21.7257445406869
33.1910515669733
19.9225931428373
32.0901123051087
27.0300008123741
21.3687075884081
35.259295720607
20.5119216560239
20.2212643343955
43.8694469416059
62.1207285439596
24.3021764132041
47.6602410908243
35.8896623365581
24.0427347131934
40.1629176381836
17.1084324247204
19.1873201401904
42.3335374216549
52.541475801263
44.0998196718283
16.941133828368
25.6424237741157
7.8088230220601
52.1631950396113
8.52884336744996
18.1545210381305
11.3089164951816
49.4391124186011
8.55414014394831
40.4777465737425
29.5224696747027
31.9016234942402
34.5082222856866
52.6627220679075
36.2996928697914
40.7519174041227
57.8270987538921
38.7915022855219
34.4773850520141
43.0270073702559
41.416680382099
33.1981593378446
53.4384184284136
60.4933998398075
11.5558364195749
15.0486971224403
39.4541637622215
44.4379913969897
50.6036031292751
51.988969440572
43.7272579292767
65.8006020893741
24.5477574848327
54.8254834138788
52.3295105667785
47.4778339848854
5.99184475140646
30.6585398119803
29.833733049885
62.2460128506646
24.0536078927107
29.8158412915654
40.8915969892405
44.3435798258115
12.6404283937806
36.328237329144
35.2343655540608
40.467407903634
35.8085296371791
22.2991266637109
39.8637529967379
25.0597995473072
40.3652710956521
15.281023515854
50.1905321725644
44.9206526973285
30.3183439536951
32.4750472791493
18.7738145468757
38.928949739784
46.6049335594533
31.4206961193122
21.2894225260243
12.4619968701154
2.72883023605557
2.81424358463897
38.0515369808853
38.6749355820939
21.2294383024262
58.0272075021639
41.4610919542611
49.8949413886294
43.8139739562757
15.3996126027778
23.6984033820318
56.7358360569251
56.2544693239033
32.8652919852175
54.5372524065897
38.9242111854568
50.6294587976299
21.7560604793255
26.2593055376783
33.7397991097532
26.6280177351066
19.4009586703032
35.4309736867435
47.6830398354313
17.7298984490335
33.8685181923211
28.4539422731264
48.6108310869895
0.275484169833362
33.4209155203498
29.46849365253
19.5645969943143
37.6103236339986
75.0408024177887
24.8631172580644
51.2911649512189
54.7153920051642
36.5099995397031
26.9581657485105
33.4397318656556
41.8210731004365
31.4848770503886
21.0264687193558
7.74706571859639
52.0845478167757
15.4428645015108
25.0439151270221
52.7695802156813
23.4404983348213
60.0207278621383
45.8219979773276
39.7237025899813
26.5167991637336
18.0083876475692
49.3296828935854
14.9095820379443
42.6276241778396
41.6404942323117
17.3454404447767
28.695730392715
42.6760920672677
45.395832140457
46.2375549832359
19.0794851229376
65.6158510246314
30.2817409453053
29.901884845458
29.3220234452747
53.1433889991604
17.8413541871123
26.6158600709589
17.9783061901267
48.907364543993
73.82510707248
34.4446434009326
67.003641219344
40.4446431202814
40.5073224683292
13.6829420777697
34.0078976005316
41.764037582936
14.4315396319143
28.7605872144923
3.64911626800428
55.1530749086496
52.8776673600078
38.4806353302573
46.3337411056273
11.1963510862552
33.1586635438725
25.8540231734514
40.8615304040723
51.0751830429085
13.9039183956572
22.6035505345865
45.0263015809469
18.4647837242233
20.438993582502
41.0373380873352
21.5825348651631
36.9542477106176
30.6731419987045
10.8721689557878
51.2471096008085
44.1600175108761
53.9134178543463
36.569457881416
58.4450478781946
46.440911113913
48.9637015597665
42.1286164200865
36.6092384981386
29.1562586207874
37.6683269381267
23.4495244221762
0.634070369414985
41.2352558923885
49.88312831847
53.9116049185395
25.7077596033923
26.1758772539906
37.6673395512626
31.2493386445567
13.3884486302815
36.9026778498664
32.6422295183875
56.9557772052766
43.5449754004367
18.0458298418671
56.7326236050576
38.1980451056734
49.6475249648863
13.9954010242862
27.6657529757358
59.0578267583624
14.1455595730804
12.3428147053346
30.8366566130382
25.5413741688244
40.6737846205942
25.2574228215963
10.5423757922836
40.6144421431236
17.6659992430359
0.768559820528054
37.8817459575854
2.10335848677252
30.8021340297673
13.3297031279653
45.7604137108928
65.9327525645494
55.7390688918531
12.6229023444466
31.9417272112332
21.539915993344
39.3608519225381
36.0392007089303
43.7700310139917
20.506292636725
42.8488583420403
32.9195771482773
19.9766813709744
33.9520715518021
27.2764301275529
47.800965665374
48.8527128472924
8.08537169359624
35.7451955787838
26.4099976047873
17.4724044045433
58.8133565393963
44.0833118627779
46.08727642335
33.3734331446409
12.3854400590062
20.5414897727289
29.2488951040803
15.5372504423831
49.8117973329499
49.6571726398543
36.464043718297
33.2669824575554
36.6402131621726
35.1983149303123
19.3862576976395
16.0224576829933
23.7647914909758
31.2317300122231
8.62977415090427
37.4053533887491
48.4424787573516
6.21131819207221
37.8778481652273
23.1211878126487
24.7546350090902
28.1287028919905
22.2297757863998
39.9722740228955
60.5876067420468
39.5346906482244
40.7369840028521
35.0138469258824
25.1350611797534
15.5151230283082
61.385860500911
40.7197701861151
18.2274986291304
23.4808740048058
20.6338568566327
4.56832500640303
56.2448615673929
23.8031868518608
39.3845629296266
43.8933479599655
34.6822189167142
18.8509771833196
35.0106362602673
11.5713447800682
48.3251617684503
26.5276518184692
33.9425064739771
49.7020210023038
28.5127485328821
33.6633754894575
0.359518744517118
35.4200216243044
37.0140093345796
48.0461814440787
42.2306689678893
28.5706482274941
31.0239706886932
34.8602717858739
42.4066207165228
25.4365745931864
55.7955219992436
29.2361053870991
3.9412034314876
6.63657302369513
39.7699574823491
42.6126470556483
42.1711966079874
34.7766392812
6.47803558968008
21.8131019501016
16.2890300853178
49.7001549229026
19.0642859088257
43.81840582937
35.1860990049317
32.4636959409341
53.5413416801021
40.1160272886045
33.4246683050878
47.5971431965845
42.4919896759093
11.3557883858675
53.0287652509287
56.376556167379
26.5791944644395
59.5706503372639
42.142236372456
47.390696243383
44.6107171319708
51.7892095376737
46.0274700618479
52.6001749094576
26.9763408578001
43.639944808092
9.55742277437821
61.6237619542517
33.6888823702299
35.0717420806177
39.3083952949382
46.1685560294427
35.2876752512832
40.6308216316845
8.21465800981969
37.3183488957363
50.8504108292982
34.4867683092996
16.0663895076141
63.1411302601919
41.0859505645931
32.1016121804841
51.4574362689876
60.2668597130105
41.3890648633242
18.585224985145
33.7678751093335
45.9562449832447
26.5478367192696
42.9622934898362
32.8086809604429
41.6907384060323
29.9385382462914
57.9786066082306
12.0222232071683
38.327187532559
48.4851830406114
53.317739861086
12.6633151085116
2.02555622672662
64.6578266751021
45.5879896762781
34.1644563595764
46.2448064936325
55.882497690618
35.7939898385666
35.305784524979
38.6651317821816
60.6843116693199
32.5084876385517
29.3013668864033
34.6526404609904
40.5714916746697
28.7884597782977
0.19776779429654
78.2534547533856
38.6784140719101
21.0712780826725
30.2097248861728
27.0390950608999
17.758853151463
46.8344493419863
51.6403850447102
26.1353517416865
23.279178654775
48.9948286239596
26.679239468649
9.2208422798778
30.1265349310183
36.2959821842159
32.7312652952969
27.3038520336377
3.00006155965927
28.5882189967741
16.1917245713994
35.1894450141117
37.6063325675204
38.6501119536425
45.9524087919159
27.5654658908024
31.1835674219765
19.4795221323147
36.7656731978059
49.8745530524488
32.8637139019768
50.3941759816371
9.82333236606792
10.6528922915459
26.5256118727848
39.0484325787843
41.5524822892621
29.4314782368019
50.0044073988568
31.55724669341
35.2945949745242
17.8856831043959
27.6039243908599
70.1336984639056
