"x"
80.1870035938919
103.180287382565
89.0767551027238
103.668729448691
95.4325041733682
97.914255852811
40.9416307462379
89.6728654392064
44.3717650137842
69.5493298769969
72.4399728700519
44.9247587006539
77.851975383237
68.5318402232935
82.9170780256391
96.8849517172202
82.8141961980969
82.6176682719961
76.6240217053775
99.9108261661604
57.4043547967449
122.478826849939
114.534329591006
51.9347470952198
68.5148147689145
54.2953123804182
67.015263297151
89.8891058983281
62.423078544498
87.1209466829896
76.3554180040956
81.3116522971541
63.7366731651127
83.0931790173054
88.1489353487268
60.8356207609177
82.7475821730238
62.5203545903787
69.4316462147981
70.8400942152366
106.441410422023
81.6733405692503
118.966437823357
75.6972522474825
80.1978168776259
96.8691262649372
106.12014280288
70.3975943382829
52.2578640723603
118.603710404815
72.1423615934327
111.556832960055
26.5339454635978
93.9016306499931
60.11955330614
34.4806101540365
97.8841507807374
66.9421192191373
66.6448766598478
95.2199090737849
69.0906553762034
77.4948324775323
82.812688476406
94.8635066393763
66.5785430464894
83.9741525938734
43.279172340408
86.7046663163947
68.5930338688195
80.2806448191404
41.3009200492402
55.6591256288812
69.7716018185019
70.7534033339471
77.2700313711539
61.8421969469637
98.3662766637281
125.581049121203
101.771989837289
77.2841503378004
90.4406391782686
47.8303232230246
76.5576457371935
68.9069045667206
52.6353433728218
85.7105956859518
68.7436725245789
53.5137154615203
34.1190584236756
54.0524512762204
60.2877165656537
77.4546325905249
59.3520503899988
79.7344621270895
65.5416161270183
75.9488564450294
91.2827647989616
59.2906847828999
75.9465846027388
78.9663035626571
50.1865431899205
81.2579171732068
97.1988872392103
81.8619843805209
93.138155923225
57.7614740244117
73.2150941854343
47.2553835215637
31.4647648483515
44.6592368418351
54.297306950759
86.0148646635935
84.790483256802
83.7035832228139
88.3784207515419
47.9096728144214
85.4760018875822
95.4793418990448
63.4054470104041
45.0144211551347
95.1342745916918
61.5672611631453
56.0264880303293
40.4198266527146
72.1725068986416
93.4314883081242
61.0324585111812
60.450226693681
88.0666953278705
78.170448448509
55.5695590563118
42.3637136584148
67.3215391812846
64.6645691027836
62.05508856832
59.0485505294055
80.7331711985171
71.8733981251717
69.7279258864
61.4448927808553
70.0282535981387
51.1224973392328
81.6055450821295
38.7153577292338
68.1441621916039
77.284757536836
33.4408707451075
70.1462147757411
56.4205061600737
81.4334763446823
69.0891504753381
75.4592385375872
52.8879991499707
73.8819717429578
78.5884570330381
95.8485346985981
65.2932931669056
66.9231327807749
92.0661644311622
43.3782470582548
75.7432920858264
74.2161215901922
65.1858878787607
77.3348353334962
50.9743096539751
91.5127314494858
97.4409440997988
58.534219278954
83.789513586089
84.7185719532782
85.1784836500883
89.0743773663417
63.7773358030245
84.1129166074097
47.9476640000939
62.410585465841
61.6707784356549
28.106573713012
71.6637504519895
63.8503144531334
63.8770591467619
109.360923623285
81.612776191359
82.9367071855813
85.55719088763
69.0568880410865
66.8700811453164
68.0527918506414
60.1486776955426
89.808964706026
67.0785010242075
66.7240597900822
97.9565292131156
75.3275186056271
80.6131576420739
59.8892817506567
71.419019145383
80.6407242547721
42.8884884808213
58.1455128500238
64.9389575704153
110.500365657126
55.9916089741967
43.1306943995878
59.960935707204
59.1975999885499
86.0095126088709
62.125970128927
93.1778261438012
97.5777023239061
52.8149822959676
80.7356351288036
82.4663268635049
72.5188924698159
54.7746011987329
104.029734966034
55.9742198689598
72.1447275253013
91.9987974688411
59.4764830777422
56.9180052028969
71.6317894419227
71.9920422881842
77.2585026919842
54.9333019182086
71.2029108311981
85.1900989422575
57.5086303329114
49.3122280932999
63.5248054750264
48.3516290551051
77.5007390649989
47.2993668531718
71.102605573833
101.433966471814
92.4962741788477
66.0297891357914
81.6748143173754
71.3483860250562
31.7363668698817
71.5131995268166
81.437089224346
57.8272466075882
86.0497949816718
98.0157133424655
46.9481638836993
100.997584406286
83.9018261991441
83.2790236221626
95.473235542886
66.7802958749235
120.325375947388
74.2708541913353
85.2743627736345
62.5385792227462
74.7577371541411
63.1124474108219
59.6158533822745
91.617026226595
49.6085793944076
57.484271703288
83.3103104028851
42.9150892507065
82.0807276060805
86.4898657891899
67.5343275535852
44.1335215698928
93.8020817935467
75.6962242070585
86.9713239138946
61.0683600185439
76.1790885866544
108.500951103153
69.3022902589291
97.5828793365508
74.8924348969012
54.3719639974167
89.6375125972554
70.6297969445586
105.77634001459
84.3129714718089
73.072552238591
93.9715487609599
80.6124968687072
97.6212616777048
64.2236440110605
109.441362641038
47.3612177185714
76.965843164362
76.9234869038618
53.2545733032748
107.189110194551
64.3044203270477
91.1568374605849
55.4753347299993
74.4753557955846
53.7555583877619
35.5807408087414
60.1152999093756
72.1022153506055
108.395104709299
74.5583598967642
37.5669477973133
99.0308417240158
39.3018971501007
49.9730543699116
61.4091242346198
80.13798489701
80.6017535040155
105.933180339547
84.8279887810349
76.2774864211679
96.8196150613949
101.988316979259
51.9676996394992
84.1607776237652
66.8890142580494
72.4114334676415
52.4202314671129
77.2919506041538
55.0902904942632
67.2664440935478
103.937179525383
66.8905250977424
83.8885003795233
44.3002674495801
71.7293414985761
85.4749574102522
70.2586299274117
77.0475234377054
60.3838477271774
86.4771733890124
72.6113925926375
66.5972370254341
132.674642726531
74.6084257028997
63.8631027890369
74.6137932641432
93.8336274353787
74.1536730201915
66.008216513774
70.2343023614958
57.0336997706317
72.0877219224349
87.5259223859757
64.0688285062806
61.8177913594991
83.2503944635391
69.4451330368604
99.5214785216376
89.6499424707144
35.7284891844301
86.4513066338122
76.0270737111568
54.2238008438157
91.9002917362377
77.8301929822192
74.8809455428272
70.7925719674677
52.9080499894917
91.1379158729687
75.0522015150636
51.6654478618875
55.9136324454299
83.0647274153307
51.2875315493182
73.2238601893187
95.6083854194731
59.664916433394
53.2197744352743
64.3461374100298
55.318414606154
78.5546354949474
74.2712752427906
52.2616925882176
91.9073016615584
76.0507078142837
98.8284009508789
91.158434911631
56.8857197981012
61.642012023367
102.155687450431
80.0606390694156
79.2651841649786
75.9449546615915
106.580545048447
40.2824805350974
53.5224456481464
41.8641221243888
34.8724268143997
57.3756682919338
83.4511415334418
91.7330169584602
52.4266355903819
50.6344682537019
95.1458027819172
113.641118017429
74.107922706753
88.7607326530237
40.8900561975315
82.7107884866161
84.5726247411221
64.7811876142338
68.3510206561861
122.282183210583
80.2760908612981
65.3883261373267
78.4502100432292
106.113991274716
57.0474350592121
123.20382612794
55.4540713002812
78.7124029593542
58.3308789879084
73.4916825313121
37.2642185181987
76.6856838483363
90.567780775018
86.6441443562508
60.067780315876
95.4563673119992
91.0370757803321
69.8505893116817
72.8467140113935
78.7436752812937
102.097493293695
80.15782374423
37.8033773457991
79.5452278805897
94.9456313392147
54.5773612982302
70.1230386039242
65.6783625483513
74.0929530467838
74.1779095726088
80.4742890642956
92.9582574404776
44.8832789668813
56.0014945222065
85.7033255277202
79.7580247046426
57.4548449367285
73.7328168908683
72.5932188564911
97.3721543755017
71.5887197759002
98.087119194679
79.2563911993057
81.143316719681
65.8609530888498
43.133428087458
91.1160040413961
44.6783352113776
66.65851729922
103.690323117189
40.0182161713019
73.3478712150827
92.8137757116929
75.8265298303393
89.7571990499273
98.5953625291586
91.1482178606093
88.5296858847141
64.1991985961795
86.7472786456347
88.9433640288189
92.4724258482456
83.4590724203736
98.0732935247943
76.6367570031434
96.6944665415213
61.2564841518179
78.9119450608268
84.3862246256322
56.5463714534417
93.2284728856757
99.2925100727007
61.7785850772634
59.9898734595627
87.9368781577796
119.212475878404
49.0823976695538
63.3035308448598
103.766626305878
93.6019528191537
59.0222079539672
103.572578472085
88.9023574534804
74.2869273293763
78.9375714724883
46.5420476160944
77.3581144865602
68.5376407345757
65.1737842010334
96.3491473579779
41.8348692124709
102.775485534221
62.8803876461461
78.3924228977412
101.595386420377
72.890738859454
44.7075618758558
62.7454649889842
51.4618714107201
77.1811314392835
76.1373051675037
72.0840763533488
53.1432858388364
75.9205950424075
43.2176680916484
83.6045416072011
34.6680250950158
100.890927831642
94.2601275164634
79.4375203549862
65.9277512691915
67.8198421373963
68.523441022262
77.8926629573107
80.001978809014
87.1772178245063
40.5482046771795
86.6110889241099
66.7294205537312
54.2764656012878
89.2974643036723
88.2222461979836
50.3785380078233
58.9678779244423
102.023669960909
63.8412510976195
76.9136397633702
76.7201195703819
62.4316887231544
86.4860468863214
57.5937418696807
92.6548036281019
82.7805169159546
50.7969999220222
75.8685177890584
40.0755631157367
93.6796291731298
67.5597559427842
106.467721278997
34.4499107915908
95.9632117766887
53.9443368790671
60.4578717844561
66.1421966545109
83.3087983787337
79.8888971563429
52.7552384650335
73.3325706096366
82.0769514888525
86.8256483925506
65.3924805668594
56.7089946242049
92.9181952262297
72.0142639009282
74.7707740170881
64.9626321159303
42.470543361322
71.4475174667314
79.854158568196
91.5853875933568
98.9344846922904
89.1397748608142
63.4444194613025
102.531030820683
84.8911121254787
58.2521400880069
37.9653798183426
92.6972677465528
74.1544852266088
67.9181682178751
55.1831350950112
79.1502781910822
69.4776406929095
57.9051208449528
66.1452970700338
58.4448582725599
52.6185815222561
105.448652425067
73.2077394146472
58.9732323540375
62.5042469473556
40.5193071189097
90.8179007470608
71.616355413945
90.1489582378417
79.3506160844117
73.4174415003508
87.8598037641495
112.798043879937
57.5106145581231
65.4516662238166
55.9041273314506
88.6423303512856
91.5296286111698
80.4706437047571
86.7135231150314
37.9849907476455
57.4149705317765
56.9749016314745
88.7182324659079
101.787055260502
103.537568240426
60.2687024278566
76.9581302069128
68.8129721121698
80.0108840223402
49.4703286327422
92.5760761136189
57.5757304206491
55.4700271692127
80.0169562040815
57.226697076112
103.260217909701
82.9488302813843
100.849349051714
78.3622835297137
68.100750586018
69.3281459854916
57.937708593773
82.594641787
41.5679220110178
53.2424941426143
82.2979455348104
62.1366256897367
81.1195489251986
87.1877811849117
73.9528681850061
106.14576455007
81.1184654943645
44.2986657377332
53.7214172305539
73.4108170028776
63.5596290916486
57.0356533164158
65.7446558587253
71.0549089126289
92.1795654343441
83.5491669131443
82.748568803072
102.822579746135
89.8220267178526
103.069422673434
97.8665040805936
66.6364442557096
46.8747438630089
82.3418947169557
58.5390401305631
94.6563075628151
58.051496045664
90.5905328225344
75.9308281587437
72.2956581506878
95.526851573959
40.6957287574187
29.3291149856777
65.5974671244621
86.0908857313916
60.0610446184874
81.1151389265433
64.3669658538224
92.3272612039
71.3741677813232
48.7053631804883
62.9997428739443
74.5378187056416
67.3837381415069
69.2137151258066
88.469636044465
76.0157595388591
86.7571325507015
82.1287636665767
73.5790450125933
72.0972354523838
52.8686596546322
77.1081891842186
95.1057565631345
111.017974431276
73.3506319345906
53.755115903914
70.7633085083216
81.765116401948
83.313629985787
75.5903143202886
46.9245008933674
48.2810616027564
70.8681476768106
108.420309092136
53.8449476938695
51.4063315543819
91.7115767486393
41.5592715915026
24.2018504583608
100.623809639364
80.0313297891989
76.1020523495972
57.4941541766748
48.4310843283311
75.3468340728432
83.9304044377059
65.7820767257363
42.167121428065
67.0845007058233
82.6418248683717
83.1340502703817
76.2915297411382
66.9926936505362
74.1548725403845
61.9151852326468
74.1962272441015
76.4340997673571
94.4849557941779
68.6383398016915
54.3661288451403
73.4272810164839
90.1083554829923
52.1815145071709
62.4427742790431
70.8337367512286
78.6006447332415
67.9584516445175
66.7635522549972
59.8387593403459
46.2564535211989
91.5374879725277
65.9165584947914
90.0169708533213
79.3197427839804
83.4599718684331
68.8371569034764
63.0726736010928
72.422704542987
80.720427702181
75.4818002460524
39.914017310366
85.2405888726935
87.997452984564
96.5921504655853
58.7274923149084
48.6326922196895
72.4257159069417
71.3964225850368
68.9187966054305
75.5133130761364
98.7478380091488
55.3069152431381
55.2190704038367
79.9540610751137
89.877063059248
42.0923723140731
42.7658136002719
88.272977177985
63.4259357582778
63.9768728753552
42.6821219036356
62.2151811607182
127.664407397444
54.7369477339089
58.3730888692926
54.9979680916294
62.0633209822699
66.2681070389226
79.0932785952464
83.5632348898798
103.419808088802
83.3316220203415
58.6813897825778
50.2549880649894
59.7448629559949
86.215129843913
77.4215760609684
75.0905328663066
87.5154725974426
77.0404629176483
69.2586625926197
95.6433621933684
89.9872515583411
80.3639726014808
71.6572685865685
33.3972658282164
82.1895666187629
77.5691182823031
83.9176233625039
79.5541284838691
53.2024589166483
73.5987491175854
51.1399343144149
100.485385162756
75.7508285343647
94.5831016637385
72.3076801747084
34.2865287093446
107.942722358959
90.337239112705
51.5019680606201
81.4750712597743
85.709571861662
80.5204852251336
70.2631250023842
48.915831567393
53.7152928063972
58.9563371613622
83.0189599888399
94.508583820425
39.8896550994858
87.474088347517
67.5336591666564
95.8995631663129
112.700618300113
56.9975136313587
65.7028440618888
58.0071862422608
69.410479743965
62.1653177472686
78.0394930858165
33.7844682857394
79.448163905181
61.5336746675894
61.6536840330809
52.9138922458515
64.123480883427
43.4717724099755
57.9116733032731
64.7455364232883
69.2861745832488
84.2602164717391
73.9357211161405
52.3040578986289
66.6790220886469
95.5255261156708
89.2865946516395
87.9692943999544
93.0546279530972
88.2577334996313
110.086876194211
100.910147745162
54.7915137838572
58.2127803470939
88.5323175927624
83.7772053757861
88.5543379001319
48.1017839677886
77.8772526886314
59.1133763244019
32.6542211917655
66.9230050841783
109.889008529396
83.5845825495198
85.7695839134976
59.4810688169673
116.164811973678
54.744739606297
56.4788242802024
57.599304872565
71.7510919086635
45.1881865927854
79.1077667148784
85.5026388773695
27.659376617521
42.8326509907473
82.8539428068325
104.390031772991
103.965909895487
90.8770727226511
43.3357486501336
58.8895882247016
85.8817773638293
76.4317182591185
74.2738172644749
75.3791361115873
62.1834912803024
58.7035671807826
43.0738866096362
70.6349963787943
108.71315714273
73.3071693219244
92.7106988383457
49.9462652743741
56.466987067658
66.0377779975533
70.3852606789738
74.2515988517794
79.1863972529653
127.310883806305
74.5987071655691
87.7082886407152
111.545833042073
62.8916284767911
63.5672933422029
78.5912772640586
64.0502812340856
54.9973496468738
53.4445747625925
68.3630882296711
72.939953673631
107.683890725704
78.3295982284471
64.9655113695189
56.0956394299865
71.2798497872427
61.7905654013157
92.2100641066208
70.7792244153097
76.7238273750991
88.6153042642622
64.9800706654787
53.6639893893152
56.0932891443372
44.0735636511818
97.8391848038882
57.7172515913844
74.7412408003584
67.1426999615505
101.392879779451
71.4983131969348
68.7418115325272
113.640125881167
99.6689565712586
86.4218004746363
74.5790963061154
78.2371616922319
88.120693503879
70.399728929624
76.6925589647144
89.9856988107786
96.3886855635792
67.0787055082174
59.8376802809454
91.2318710703403
82.2624671738595
56.9847873877734
75.7189753322581
78.568579419516
102.738092816435
74.1347445071074
72.3184656051513
86.3679292844608
82.668034080416
67.9372419370338
98.000861518085
83.6853054352105
42.8772452753037
60.3100843727589
78.7021711773063
47.3446540457078
35.8433602496561
93.0086984764785
43.228850257583
63.6056913994253
114.442272058906
102.282934100367
79.3952216157315
68.077031037678
105.962850054013
44.0608263015747
76.0553937172517
56.6878471523523
98.7949985777959
56.7481471225619
104.323982348434
38.6657943483442
74.9106294242665
47.3735667765141
86.9555030018091
96.1694287369028
95.8772832993418
101.338651101105
35.223661011914
62.9881526641092
58.1349023384973
51.1390388537701
50.0939401791299
67.853768938221
81.2571806134656
103.141760802828
72.3306714557111
88.051599310711
55.0690786977603
92.5033912528306
76.5114982482762
72.991604427807
79.1654870146886
74.8811494326219
80.9316779254004
53.728442554079
103.641566773877
48.2543313642964
69.3548868380939
67.6772585042491
97.4394663004205
63.9449762670703
83.9457306778058
89.9820818100125
66.2134137935936
57.2976958472282
135.015406289432
45.8933988818899
91.0286521073431
87.6388926291838
100.019364687614
64.440213306807
92.8498890716583
83.0131564289331
88.985360506922
99.1011991398409
86.3317242540929
51.032696524635
64.3559728749096
83.2433227216825
80.2645093062893
31.0364125283578
69.7568953328789
87.6580931246281
62.9458480747417
59.9969649687409
54.5330100227147
57.3153229895979
85.4205806041136
59.2970307916403
74.4250121293589
121.298982676409
52.2345016244799
54.8565380042419
52.4525285465643
87.0953818783164
64.9800622137263
61.7152836872265
61.5712269209325
62.4669105978683
62.0587432058528
40.0020912755281
79.1538621531799
72.5983743555844
97.4308526376262
94.1971430322155
98.7726141465828
66.0191691946238
77.1973655534222
65.3336188523099
60.9471530187875
75.5667386935343
29.2785213561729
74.3878870038316
69.5227491203696
59.0675728260811
96.4370662579313
30.9424245497212
37.7559421118349
94.4454609649256
105.955505892614
94.5866705384105
84.9153583170846
62.3479303903878
74.2394441273063
76.9030935131013
62.075392738916
113.73950507793
80.3967968327925
71.6016763122752
63.7329673811573
78.1392627395689
77.2592661436647
82.3486367007717
56.5972978016362
94.9182725278661
66.9983533385943
89.5352396881208
89.8444759659469
57.5037972768769
71.6577101033181
39.7202061457138
87.9939665319398
71.2201252346858
104.131556063177
99.9276082729921
52.70503484644
71.583507489413
94.2773056615431
63.3119476726279
105.120221100034
64.0816999599338
64.4242136058666
73.7816592534878
57.4773140251637
55.1365074701607
67.4784722075458
80.7941003345169
91.310907737352
76.2940909015015
79.2203216997287
78.2810853095725
86.3897391362116
60.9225116902962
64.0809676609933
80.2609897451475
54.2315289610997
98.836651397869
90.5004400061443
73.7018729327247
87.5682413578033
59.5804391428828
68.5013416456059
64.1862869029865
81.9358463399112
68.3270948007703
42.7241968223825
102.055539144203
68.2778278476986
53.4002690808848
61.2824453506619
98.7045631511137
70.0862621843165
45.4563078566986
56.2898998847231
63.9833075227216
104.418352263686
86.7196020903066
75.434274924919
51.5902567027209
86.2482186639681
43.4798772573174
54.3156349830479
50.3343930467963
89.810781693086
92.8545774306671
100.182355754077
78.4729732666165
64.4741858957558
110.280087333274
83.125342233971
78.059397242032
74.0341661497951
84.5150468638167
22.9722534539178
80.3084100829437
54.5336469775066
85.1023852686507
36.1687789438292
86.182147054933
75.8034537844024
61.5695600842063
45.2665010467172
79.6711951915064
68.3198091108352
69.1708635538816
91.8792547658086
86.8212879169732
74.9628659337759
61.7379354182506
29.0397045901045
77.4143393849954
66.6703366093541
63.3748727413486
69.1148973070085
139.552298554437
84.4574588583782
95.7483371486887
71.2047648570385
92.5791772082448
107.120225898208
109.22163593884
87.3610159847885
101.82988489978
101.265057222918
97.2425760235637
75.0125009100884
94.2171039059758
74.189036549069
69.114372250624
75.874727522023
69.2889614263549
56.8298673257232
34.3701314159949
67.0413375381389
49.3689830414951
51.7715880414471
65.7263155560941
67.0808563062319
94.1074804170057
82.1969097945839
50.5154620211159
68.8138630008325
29.8057362204418
95.0729409931228
55.0048835488272
45.6284664804116
52.2881580283865
90.6422367319465
74.2665889207274
84.247342825127
94.6200246457011
102.951240213588
93.902971688658
86.0740929448437
61.2391880487337
74.7795898234472
55.1164990290999
77.9771927045658
85.8950809808448
80.0243677105755
71.833278844133
59.6994426751549
93.5651302803308
87.5289237359539
94.9897997779772
79.8455068375915
73.7530502490699
74.2513222619891
92.940462869592
92.2450989251956
70.4724420094863
60.1596338208765
51.1603432707489
54.1768761584535
69.8912207270041
34.5756539199929
109.886235504629
61.5542066982016
53.3971941098571
92.3924862407148
93.4263633331284
67.1697402605787
78.6069871857762
82.2379890897557
85.016118362546
108.524395322275
56.7750414367765
71.7879311999247
34.4859602178001
60.0353739922866
54.7657594828443
53.9178396575153
80.7632245123386
87.7534567611292
114.930849770792
64.7901345044374
79.5708579942584
33.0755094760709
99.4162125745788
66.3300964515656
86.1359375528991
62.5679868994604
61.8241333169863
61.8250444997102
91.8243643362075
55.8568924779947
69.7483473457396
60.1072929442765
68.6010092496872
33.5601897910237
61.4608390023932
88.4584674378857
65.4754438670352
58.6404328001663
60.8124447287992
77.9537587193772
96.5812933864072
62.6397650688887
100.287564354949
99.7761289123446
58.1414002692327
54.6329758130014
107.002523647387
72.4322518799454
67.8552164928988
85.4895017808303
72.140719438903
59.6683210227638
113.827740534427
82.0692304288968
92.9799785872315
51.4075913085422
85.4410188272595
74.1093648131937
88.0643707467243
56.0200527543202
70.1835842754289
66.808530734852
53.7527855681261
93.065157179844
51.3741962844506
39.8322171460842
84.9094393422264
86.5202514454722
80.8340807911009
75.8102402714756
75.6187709514052
67.020561452955
70.2275161631405
68.4556988999248
55.2647133214177
72.1320882948296
62.9716899013147
56.3522574026138
37.9843396134675
55.5759802926332
80.6840260745957
52.8241358930245
79.93844083976
93.0012062424794
90.4480043565854
75.741822947748
85.8184413285926
81.9857110502198
60.1410646922886
100.397401861846
45.418349839747
72.2403397550806
42.0584065292684
55.7084911270067
76.9010152077897
84.9429285619408
61.634642793797
73.2342148432508
72.8616171749309
50.5303205922246
102.19426411204
93.5012436937541
77.6868955465034
78.7052414612845
78.0474809417758
51.8790214788169
79.8575656721368
48.3097209420914
79.2220407631248
98.0253308080137
95.4558341531083
56.2801930122077
59.5332680968568
88.4162356378511
64.8914138786495
58.5373015841469
76.5214056707919
77.8555828146636
58.8131798431277
51.1400193215539
48.8002636297634
49.2544618809692
86.9137772591785
55.0371850747301
91.6877502109855
83.3770169410855
74.4836276164278
85.4846516032998
93.5654927277938
53.0109599931166
62.0621531797911
56.0980116482824
53.9648735895753
78.8082770537585
96.640215232037
56.2656665200319
60.2468079188839
54.1457669343799
59.1778900707141
78.1270644860342
83.9296765392646
80.4648946970701
53.6342159612104
101.32365860045
80.3639222402126
90.9474804298952
58.4509727544811
76.2210052460432
94.9306213064119
71.3041907828673
74.9499144265428
98.610138008371
61.762369167991
60.5771741773558
98.7476864363998
88.8668184634298
68.5423871967942
52.0605656784028
78.9167213486508
59.6830561395014
76.9872441887856
58.6965792579576
55.7378819212317
81.0482123633847
46.9189003575593
73.1098496122286
81.9131564581767
87.4603571835905
56.8966898834333
115.749055147377
64.6693755174056
51.2953950092196
105.721092899045
100.666854693554
52.1532950117743
81.8196200343783
72.6189011475071
84.3079984886572
58.7767421733588
57.1819094517889
74.3977546691895
85.4357978096232
94.938989309594
49.2666608155271
92.0568272704259
73.4852730995044
78.6751378440977
108.145387697251
80.3086185827851
70.5341913920045
109.627124088305
71.3331587376718
78.5184371285141
99.1268977057189
89.885677699931
90.1579224737361
63.4964869373246
68.9900783356279
59.5624486450106
94.7578141232952
88.6683910852298
73.134267074056
43.8764942111447
58.2369537558407
17.6551131282117
83.5569795453921
40.4686734778807
80.695609585382
82.5199160724878
82.3327757650986
90.5403666431084
85.4525225004181
95.1630961149931
85.3508412837982
77.2106822580099
66.0496470512189
61.6319139813584
41.7135969735682
76.0885766095115
82.0378516567871
50.0990745378658
36.0692631918937
78.916560835205
48.0641627451405
66.1065103020519
99.6536338934675
89.5126641979523
79.7026398126036
56.9519040640444
80.6000770119349
88.6051059002057
98.7525121076033
61.8413446548282
89.5602051867172
85.3978428058326
95.4609526321292
53.2743493893047
43.2835912099108
63.4162499802187
76.0915988590568
100.119796930812
93.8350884709507
59.4647534424439
108.256453222813
78.175920015201
73.8010825715621
81.1943119391799
75.1966501115431
109.079273395161
67.0956177636981
77.0833985181525
69.4364324910566
39.8555922078244
70.7109794486314
95.6188177457079
67.4830459244172
121.401804363394
54.5191096141934
91.3342209532857
78.4864250780099
84.7887875977904
50.273756752722
82.9236491583288
79.9950067447261
88.557451358065
65.8589197290969
91.3670037640259
42.9130547912791
75.7687335368246
92.500014253892
57.1299992501736
92.2162859234959
63.901613233611
65.2716286713257
69.0505599137396
42.1238029841334
80.2405018592253
65.1636108057573
101.313096564263
88.8978695729747
20.6697108615092
57.0190516300499
84.3742811819538
79.4447998012427
85.370265204152
75.7325952454946
52.4226597044617
64.8061005787401
53.6019129227181
85.5628423159942
84.8362213466316
70.8362901421586
55.3365997513572
86.2273671431467
67.8191553801298
83.5327084874734
52.3257998982444
85.6981253251433
80.6469168746844
54.4205644866452
65.5928498134017
76.9188165664673
67.67673259601
95.345235709101
65.3962600976229
60.8516042583429
60.9252325259149
80.0085039809346
83.8292809668928
74.9500192003325
92.2401160234585
87.2368153883144
91.1603151122108
83.4751973859966
60.4153272695839
60.3512726956978
53.4957740223035
71.5994350612164
83.7422309846072
59.3050131574273
64.0904586995021
60.4029598770898
78.4718737006187
75.464176107198
39.0937799122185
82.3917835059197
94.4235421484336
74.9068226291092
67.1758416343523
91.0239884164184
65.0580618928092
52.5594590697438
54.6364120051803
79.6907849377021
80.1179081434384
85.5888244695961
86.0747250853612
75.4789339145645
82.5752112781629
100.098831695504
74.2110090795904
71.3797130389139
66.6045203106478
56.7431232193485
91.2210987880826
106.617307377266
78.8409705972299
74.0023027639836
59.4002894125879
104.737536370041
66.9590433128178
72.1154501661658
62.1812105644494
73.1093640206382
68.6304182047024
92.6133603556082
81.5780761481479
66.2480755553725
54.924744204618
53.5705788061023
87.7751733642071
73.1357915092513
45.3174047277164
94.4859998999164
83.9442264754325
70.8015834912658
75.8498517097905
41.9125313870609
69.2903880980671
88.1092718336731
83.0112649127841
61.3558007260835
85.9799318946898
50.3952043829486
95.8819928811863
46.2588209071661
71.7581523349509
77.636769041419
66.6015675256786
62.609280156903
67.9064119700342
115.478448241975
49.2939207103374
89.0182464150712
95.3536985674873
65.6084770336747
79.9302742118016
64.625597326085
40.0720663108654
56.3343971734866
47.2969378111884
110.906749258967
81.6346582956612
90.9914720105007
84.1580172535032
64.0403907280415
72.4719797424155
51.3038583565503
70.5430883914232
79.4718660329679
39.315949799493
39.7661786293611
49.254911695607
49.5242645731196
40.1639088260261
92.5303946714848
100.22478683386
98.9033611491323
72.154025780037
101.829335815273
92.0255641685799
103.99377545643
78.4922753926367
70.5955723500253
34.1627736808732
63.1950289243832
98.586851824075
85.572780109942
68.972057621688
59.7281114431098
68.869269057177
67.2812445089221
76.7411218327122
75.114001147449
56.3268135068938
91.7334472993389
76.1365250917152
79.3892231304199
44.0999778918922
68.8370008952916
65.6001666560769
57.4729997869924
87.528768950142
64.2800543155092
87.1659805532545
59.6376906847581
48.1646521249786
78.5986790433526
55.0078162615475
55.1425314042717
107.366050052574
52.3447973420843
94.8698865249753
64.9440719978884
76.0560297640041
89.6667179418728
99.8234083643183
86.4487598189967
56.4076371996573
67.0844064652831
79.7932700486854
92.663596663624
73.7052761949599
28.7471578689292
70.2532248571515
79.7667302191257
46.2784196597875
85.6015715980902
63.5249840794131
59.4960578950122
52.8591307578608
76.0023195798021
82.9583829268813
64.1799073666334
62.5185764988046
82.0594348479062
47.6250539068133
47.1680802991614
75.6426327147319
82.720984169282
56.5271090716124
88.3124500047415
52.9335730243474
71.3478562887758
59.351726132445
61.7638950934634
63.7536118738353
66.0419916501269
69.2454950418323
41.0669832956046
74.1850858946288
70.7381755090786
110.280130191924
74.8241792432964
91.8942775810137
77.8801702221257
87.5855772290379
44.7769083176035
60.8793571225361
47.1174858044833
99.3151265429333
61.0969594912603
100.069544829898
75.8926028385758
74.2808005772531
79.533524857834
66.8745974467688
19.5751540130004
56.644358947694
66.7282001115382
117.690869971197
105.152985959532
80.4151479625788
75.0072525115684
77.4948301026598
47.3451459081843
48.052733344729
34.1437387370144
103.595081786625
70.1396709540859
90.1021608151495
27.755359467119
74.3847165489569
81.8243828390444
48.8333755172789
97.6321543799713
70.2018780866638
65.7202376907341
63.2489930139855
97.3503089742735
69.1860361257568
80.7142214616761
80.9903621440753
78.6244523478672
39.8442098870873
68.12260360457
50.1489955198041
83.0702541628852
96.4122255099937
72.4208382600662
60.6226672579591
49.7969422023743
68.4497277718037
63.6353885522112
43.5508789616609
104.689521518271
69.7975105606019
76.158552384004
62.9252950195223
48.2508828287929
111.256822937386
52.9598074033856
80.1448347978294
96.705593727529
105.774949634678
45.7723557957496
109.93744175454
36.7344779195264
98.0567887192592
115.700219926084
33.6173784490912
55.7517838664353
88.9868341595559
99.6064477600157
69.1632792586461
82.6086195185781
37.1950568631291
96.5854179812595
54.9156524939463
95.6150467274711
84.3967078020796
92.0872715301812
91.9021939393133
100.725243939087
78.2350150868297
72.5868907989934
79.6020026318729
64.3076672684401
79.882655153051
55.6953677907586
56.4501159125939
61.2550004851073
88.9789597364143
82.7394403517246
67.7125011803582
84.0160584077239
39.625611808151
88.3684071013704
65.7665664033415
78.5011695697904
99.6609813300893
78.2430835766718
93.1714008209184
87.3946557752788
74.7849100269377
58.6223151767626
44.6114427410066
97.7882295642605
47.1208361210302
114.297539641367
67.6525067305192
81.2441829359159
53.1571230618283
62.4886783559948
90.7685049343854
75.704103615135
92.7630639402196
65.6248656800017
66.8354291701689
87.2843959601596
82.5417614076287
98.3767643105239
76.5142054064199
78.6602548090741
114.645804505082
44.7591435301895
70.3664611559361
36.2145530758426
83.372294791256
81.4713045023382
53.8711450528353
116.476348874377
63.0298731615767
53.4072519745678
74.0592885296792
71.7857902636752
57.6267957687378
80.654282681644
74.761133206717
68.5822828905657
84.6416250569746
70.8173007746422
50.5244564730674
102.888312167488
29.0131846675649
39.5847382955253
95.0343451229855
81.6601128084585
94.4844444282353
54.6794252470136
61.0038021812215
60.5740231694654
44.175739469938
66.1800846923143
68.6925236368552
71.6542943380773
85.6530449353158
96.0251892451197
80.5965268984437
54.9625108251348
67.8458429407328
71.2314629836548
97.6265644887462
89.4148177234456
59.5440174685791
57.3288156109287
58.2616996000488
108.942820588362
80.5072899442166
80.4387594340369
41.0831721033901
63.2116318756385
55.2954164100811
83.9143732351106
120.820532795924
52.3932890966535
55.8305710321292
95.3929369803518
40.1929752202705
91.2675219587982
47.8936070809141
107.667335320939
84.3884610570967
68.4363903477788
29.0713373881756
35.0925349630415
92.9193703690544
89.5839736796916
75.4060446051881
80.251624295488
60.2840723237023
79.0100942132995
73.0144223431125
37.2367184143513
94.0600465983152
23.0538929618385
75.0741183757782
103.249129001051
106.911910093956
56.2659057788551
71.3267546379939
44.5785331434219
41.2205466008857
103.317497391254
46.2764039175669
110.82823415588
83.3335682284087
73.9422435639426
76.9715184811503
72.790852887556
84.4589013959515
64.5916745765135
89.3301356351003
84.8140968025457
95.7377691054717
94.1149496706203
76.1750687146559
72.2580673405901
86.378951347433
61.1809259047732
62.1000163257122
46.0005903616548
50.6191658321768
100.700903520919
92.1070764306933
67.0055423397571
54.035166813992
37.6289764995664
64.7044531535357
80.3591096308082
68.5927771844839
87.2151568997651
72.286016587168
68.3660287410021
108.893322143627
59.7769611049443
63.8062554960906
70.4931566957384
93.250928982161
37.3771262028607
43.6511922162026
85.717785358429
70.1644968939945
104.296711293789
78.3611840335652
91.1686678184196
62.4612835468724
36.202626186423
96.7837019590661
73.3555714895696
52.6084755314514
34.5991300738635
85.8899650163949
71.388202928938
59.2320307390764
99.7957933461294
65.7961908727884
53.9805957349017
80.5437686154619
76.2752939946949
84.0154511388391
99.9840853270143
55.4160009836778
86.6431052032891
90.7499597640708
88.2001681253314
90.4690109426156
60.5961135355756
77.4570751469582
92.2105397796258
81.6018990240991
60.2478710236028
65.8724630727911
111.570314839928
93.4169168584049
71.5188579401001
84.2573657166213
87.3356178402901
66.9585807016119
75.2437714629496
87.6422467175871
78.09146088548
65.8447904046625
81.6206404007971
51.7090898241721
75.2848173491657
81.7697678692639
115.415621961685
82.9777955341775
68.0364712374285
44.0213888185099
66.2566584767774
116.974143817307
91.1606740672141
79.9416806548834
41.0648204851896
84.3398843659088
50.2841463312507
107.076098867844
35.8271246077493
