"x"
45.676228532102
34.6286994655171
65.118282684125
75.4886770155281
52.9849387222803
48.0855112656825
50.4702755293494
58.207873362317
76.3766507152468
53.8106571331751
58.7360870558769
61.8486487073824
45.9937498489462
79.5915271737613
80.5988332140259
59.6085406141356
33.8896022294648
38.3089257520624
62.0043220114894
58.4097413874153
56.8264495232143
58.5903035243973
33.2094943171723
77.8649098938331
51.1225624359213
28.1502083525993
64.203447138425
35.4678365984
63.8708337210119
58.0845109652728
56.4081355114467
27.2040513227694
39.6186944562942
68.5199415893294
34.296704533392
72.9736150824465
42.6046586944722
16.7027914430946
29.7035172698088
30.8158283005469
3.44081626821397
67.6570364739746
42.8964536986314
46.0773482336663
58.854918461293
50.1944196876138
60.5732855194398
46.8069568742067
35.9973119921051
59.6771208802238
64.2997293616645
40.4727559600413
49.4487755931914
43.5835781390779
85.1372700999491
50.8344899280928
41.735008941032
22.1185906937062
50.8901983848773
85.0599358673207
59.5392951508984
50.2459508134052
58.0782666802406
64.3612195674908
60.0423804135062
29.4017090345733
41.2764305947348
32.3341055209993
46.6736791422591
53.062081860844
44.185260834638
44.2441414343193
59.2179983074605
37.8021123469807
50.9933273424394
39.7011599852704
29.9907287117094
60.6405847938731
32.1617111330852
55.4113027174026
23.794894979801
43.067472288385
44.3968012114055
57.2738676524004
45.4498790204525
25.3089089257751
40.3132002102211
48.1918104342185
68.0848949705251
48.3942421269603
49.8033608309925
65.0192624889314
52.1050107199699
54.9039219040424
34.8450046903133
46.5974338585511
60.6594022247009
39.4677101924212
58.8744607125221
40.8557803020813
57.4262764421292
36.9762918562628
36.2145878893244
66.8384674354456
51.8761753919534
60.3365208371542
36.0496234497987
34.3446155893616
25.9239810682579
45.5167288309895
15.2090592953269
48.3678687596694
40.2707572930536
27.3742946446873
30.1997092164387
21.7805204295641
58.6635224171914
43.4793652384542
22.5720934967391
51.436583918985
62.9553159815259
59.7302505047992
57.9586069225265
58.8312589679845
42.1130005852319
25.0078135286458
58.537348289974
58.9997969800606
34.4367849362334
66.5677927900106
42.3917126532761
40.7140516326763
64.4194434280507
13.3420163183473
56.5593839111225
39.467153546866
45.1743766073002
50.9892579597961
68.0440779363601
41.3725049584173
54.9602692669227
43.5196171747521
39.1158230486326
51.3531535980292
33.8208579341881
29.110180970747
54.8488002386875
46.8415707582608
44.7296348283999
63.4935009293258
79.2891360470094
31.2010722585912
57.8662520856597
55.9769165120088
57.4455992900766
50.692442804575
53.4698987612501
21.7775370110758
74.276382685639
58.6952130543068
67.6719265757129
52.9789851279929
8.65783111657947
42.8292989934132
52.3141690967144
49.5213592657819
22.067787157475
60.190501913894
22.8724975604564
74.4629197495828
51.67464751425
54.725090158172
36.9715896085836
56.1542380019091
52.2784659988247
65.2457747492008
43.1631205719896
50.4259696720464
61.0228558070958
54.9707478494383
34.8773456185848
44.505454483442
39.0113229996424
54.1167168994434
35.5772156617604
68.0730355670676
55.8485994115472
7.02971691498533
57.928252089885
50.5224443622865
38.8799723586999
74.6969822212122
41.7498641763814
60.5770069371779
46.9789264025167
28.3858713228256
50.4925390981249
40.0422737063676
64.1044530002282
14.2914213938639
33.6706970119849
50.7509410381317
58.7263903580606
59.2776487567077
22.0254526895114
41.4097498869523
43.2520404730583
35.3936353349127
58.6040620692074
63.5097384219989
34.5348959058534
65.5635739676654
57.01592871741
48.174375327323
43.9176595536992
55.5243631242774
63.0479234547906
32.6345391804352
51.2280681869015
28.6087019545221
64.305483291271
44.191304652486
57.7061051735654
35.3580706933389
55.2820778684691
37.9264571238309
81.594699062407
49.1916440078057
61.8464736035094
31.1915939673781
30.2457920042798
61.6289624595083
28.4346077824011
47.7023025741801
69.5615677395836
39.2060691956431
46.7443982488476
68.5432636528276
54.315869754646
60.364312492311
39.5400040433742
17.9293117898815
67.9194681579247
10.8548265677355
26.2244781479239
74.4372026529163
51.0071958997287
43.3194713770933
40.6662271125242
68.4268556069583
53.441692085471
49.8053942574188
45.4078743932769
42.5651687302871
90.7528933550805
41.0409075111478
50.258333038073
48.0358403292485
51.3323421208634
38.74719194976
71.2816524319351
62.1226090818783
77.5475156842731
55.2971950225787
48.2395429862663
38.3419643039815
81.5098651801236
37.8403025213722
49.7794144321233
45.5085707944818
47.4809494335204
60.0955270929262
65.156587108504
49.38009423898
50.6198114919713
46.3901651091874
43.1569663342088
33.5897666518576
39.2677400959656
63.2379665621556
74.0156854153611
52.9078829243048
41.6058973913517
49.7429698589258
37.8686193726026
42.3633855134814
50.3244178137363
44.4394288933836
35.6756048859097
28.4521069261245
39.9155538761988
47.0541955437511
67.8800237784896
57.2729324210856
57.8771258005872
4.41911997040734
45.1730364584364
34.5276343286969
24.2339581073424
53.1392732518725
46.5144261656701
59.4809127505869
31.2612666748464
73.8833086897503
51.563334709499
56.8172495695762
32.3346519726329
36.3967860466801
45.8093110937625
30.1467907847837
60.4675860959105
64.12001803983
48.5027267714031
39.2653356539086
39.6430531400256
40.7033733709794
65.3946864185855
45.0047379708849
77.4472830817103
61.8379642837681
32.3895103307451
48.703929875046
21.0289387614466
23.5127598046542
53.2473466145171
38.7876198651711
48.0449890601449
37.1096560847946
26.0297856293619
40.6565766315907
57.3034952801576
68.1137660867535
72.1376340995217
67.3740229103714
52.8491178993136
38.8403458055109
42.9405267932452
65.6329622725025
50.1459901570342
57.3819627609835
48.4872038359754
30.7943748375724
63.9166876218484
34.2605371856784
50.2002750290558
54.3380071176216
52.8154019266367
28.3333325642161
30.0789768249739
42.5487833563238
45.2797923935577
50.626692478545
45.8190994686447
41.971379367169
57.0986679522321
27.5981289451011
67.1266811550595
47.0241928123869
46.8484442098998
29.0648573427461
29.8947834815047
64.557277073618
41.8679222930223
62.2632154212083
45.3533718246035
37.1145029785112
40.4766966821626
57.5631963438354
45.0209162081592
7.7631632161302
48.8485920359381
70.1033836812712
30.4204395418618
40.3092981432565
43.2483347831294
49.5642722235061
42.9118858883157
35.4907173896208
27.838358480949
52.0172747201286
51.8074103775966
57.5692719430663
53.1233788351528
58.1185624469072
44.8514554300345
56.6424111602828
61.7450932622887
72.6716463588797
35.474854579661
49.0064247862
22.8091777417245
56.4526522066444
47.7386836577012
29.9037242075428
43.8988079549745
57.6948196394369
21.8383379396982
48.7850169301964
32.5641682720743
57.5794224860147
46.1725572202882
58.3055971655995
33.5062877857126
47.2515015280806
69.0483742883608
65.4879651847295
53.771025637028
52.7820634306408
32.9775851569138
44.7779577225447
50.6540753534645
35.6327473418787
33.4288078760889
59.6328123356216
63.636556325946
62.9946665905634
48.6083723371848
32.8691164613701
60.3312223684043
54.3810775280157
51.1456876993179
62.347219849471
46.3130273274146
33.1840259023011
77.9924668604508
62.5142058706842
52.4624677491374
8.98434728151187
60.9006464947015
74.6103179990314
68.3610987034626
16.1723116412273
63.305291463621
34.3851214148651
75.1642390387133
72.5222313194536
43.9474683371373
61.6049946984276
36.2222667317837
73.3649503090419
46.5677430452804
53.1498495838605
68.9131147810258
46.3999536004849
61.210633662995
59.542506816797
47.8357676183805
44.3497364758514
69.2202929830752
62.6625283621252
56.3927743933164
38.230532547459
51.7846223853254
57.0470099076598
42.1875655301847
47.479969081882
51.1594933923334
45.8065925631672
49.2945948515364
29.1234855473796
66.6120576206595
61.9664136320353
60.5227453634143
54.6965529210865
40.0586246396415
30.615602688704
58.256192074623
21.4003745932132
24.4463601131794
35.6667705385087
62.7549063647166
39.2077264259569
21.4939165743999
55.3531395853497
46.1759567842819
54.3341930024326
19.9994821127319
48.5840088222176
55.0302642513998
67.3164047766477
30.3650972782634
60.1707576646418
30.3395207156427
53.0257603789511
15.4929219279438
61.9910434470512
72.7476318133995
71.6354220057838
25.6535128175557
65.2736680349335
22.4001051974483
36.1117864376865
56.1549462145194
70.5849534133449
65.094702586066
55.8248072047718
18.1341676934368
24.4523364349442
72.2407149733044
39.9749407635764
44.3333558505401
46.5310017285986
46.9374965759926
56.1429142253473
71.0068910039604
88.7357648092406
53.2145870383829
37.0787235442549
48.1573196593672
49.9499253346585
72.2794996690936
62.810585659463
34.2850427841768
13.8511089608073
71.9937372487038
67.2982247197069
53.6310749884535
60.965608805418
29.0358401510482
56.7459934391081
35.8179783797823
50.8801587275229
28.4928155015223
58.1835979246534
81.8144564400427
63.3978639962152
36.2881423192421
56.5146927838214
51.1815179154345
68.9782667323016
41.3361464743502
61.010722303763
31.5700743503289
48.9951567142271
67.4532069416453
17.9651429102368
22.506688896101
46.5299136703834
42.8666813550796
24.8073398834094
25.9248241782188
58.6968380957842
50.2203384302609
52.8931580483913
36.2313821678981
49.5245678082125
15.9413310466334
66.5543157374486
29.3777086772025
23.7005171137388
26.2114412034862
62.372311251238
10.3914776700549
30.9849452460185
41.7225827695802
61.2998866708949
36.1975379055366
54.4079087213447
43.055812320461
46.1181226419285
71.4006502582525
39.6978543722071
55.9467633720487
46.1703015025705
24.7416374926972
17.6598101398792
39.8546940996312
54.7787402836923
30.7721062456607
31.6248927265406
58.1186859841907
44.6756365709007
41.4379243197428
71.5442923673066
32.2878166334704
42.0560780252001
35.9555749513148
56.9540795986541
20.0934265158139
62.4198967125267
46.6800512513146
47.6608234457672
46.7116330632566
31.1267809809814
48.3665182255208
13.771040807106
11.1803634209986
32.3652164869484
25.6532880011946
24.4138281559572
41.8392033300677
32.6107344163421
86.6865288808587
51.6092298785225
43.5082161566243
35.8640578062755
19.1373613964204
66.5622282540426
34.590640896912
52.8452295111492
36.1786990129886
34.4309586216696
51.8679931992665
82.0706929080188
81.9055205211043
45.009033579845
32.3921431803862
39.6737324722527
23.8722119247541
41.7380177975869
48.2109484146349
63.6935953516513
56.8708081264049
30.4553204914555
47.9273837991059
60.1373231038451
37.8720736363625
59.8296541720629
58.8970332173631
29.3205478028495
61.1188769689761
48.1174434535205
44.5553831523284
60.2140710107051
54.0632262127474
30.7640971732326
54.2060142033733
48.0839308584109
67.8933108574711
56.4061582554132
38.5870075551793
47.276520926971
31.2515434343368
67.5719192950055
53.4432483254932
39.9215646320954
16.2751649961618
57.5627358048223
82.9844914842397
62.6593502238393
68.8779932097532
39.2246672417969
55.3693466936238
39.4950636546127
54.4693391360758
55.7358638034202
67.3842771793716
36.737531234191
45.1727301684788
41.349477134645
52.8934604953974
34.7107716952451
47.3562148399651
57.8904028516263
37.192483257968
69.9999296663504
54.9103348166682
84.2961327289231
45.9540538722649
44.3091862705711
35.6147661701108
61.5146529162303
51.1238378821872
32.7746906734884
58.9008795795962
56.9814394111745
49.1640448453836
69.3269803887233
30.6285897150133
47.3148697637953
32.7201512409374
65.9643856342882
80.6801503058523
7.42125388933346
42.4518589808873
38.5914986912551
56.6245697555132
67.3616747953929
79.1759567218833
59.1163112549111
55.5942718549283
68.2811393048936
92.6912945077903
65.935047401581
20.5854272353463
70.9722426254302
47.0121391699649
37.7743406570517
48.6203430628353
56.6078161937185
66.6200291598216
42.2972561209463
26.8541378900409
39.8563934162151
64.045253500808
52.8331779742761
38.2050919579342
55.615971039515
50.7225241162814
63.1198957562447
34.6467564231716
50.845192515342
46.6690453202896
24.3137992802076
47.7452272898518
27.0714110229164
57.8621933236718
28.7638206388616
40.1589437387884
29.7983199391948
49.3169644105044
6.60934030223652
44.7477135510493
20.2458532294258
43.8008462660946
47.5048435619101
32.4670394130578
29.4417355849894
57.4165848386643
77.1028547314927
15.3194035182174
60.112128208857
31.4300885398005
38.5245902580209
55.4456248064525
47.6427916232245
60.9491332434118
77.1861964021809
51.460956747178
54.9392767134123
42.0939599280246
60.1131534203887
45.2639072532447
70.9115678910166
55.2606816054322
51.2674370547757
63.9223812613636
39.2834207741544
73.5344743588939
59.7218861221336
66.5186789701693
41.9757938434239
27.0313667133451
59.4494916149415
64.4373908871785
36.161691416055
43.4706257656217
51.058723940514
46.3362275622785
61.9337363168597
57.5446628499776
54.5392470667139
38.2577454438433
23.9635456759899
64.4958282355219
63.3216037531383
44.3862422835082
68.0810663616285
60.2874191827141
65.7944324193522
37.1633928152733
45.8636789699085
44.616647721005
44.9928683228791
71.6611695825122
60.5345278876175
80.8094449457712
45.9622802445665
65.5772128375247
44.6755111915991
44.397686899174
60.4658129159361
43.7594698742032
43.8479603450929
50.1884159166366
71.3016596273519
46.5558269061148
68.2835416349437
52.9682825435884
52.0512018119916
47.4887713918687
91.4652924932182
59.4979246961884
47.822397609707
45.5515011507298
67.480621568393
44.4825894082896
29.2689859052189
21.7380825197324
35.9712784411386
41.3019839907065
32.9218210536055
21.2045161631312
54.5200116269529
48.1538306339644
34.260131593328
38.7643999420106
62.1669248794205
69.8930382495746
34.3816037639044
29.8886821256019
46.5350798293582
34.7251139465122
37.5439598940205
91.3714249253065
31.8638933240436
41.703195782944
9.20421112095937
59.7110019880347
69.5078520220704
45.7602955965841
56.4095684676431
57.4455733876675
21.7971825622953
57.3941573966295
40.4701526858844
56.7280733545868
72.5680054165423
18.0930658304898
57.5676147127524
58.2631496080169
27.7064992696978
73.4690860263072
79.1131725418381
21.0986463442614
50.3883467243432
59.9612961523235
62.5856320257299
67.0594504917972
62.3863872606307
51.8621269168075
32.1348864817992
86.7260410926493
73.9106880500913
49.2005324340425
46.8187017831951
41.8446147814393
6.95778578373415
60.5560313561
37.2369815926373
44.9111598489116
37.4866978552892
86.9164057023466
56.3960368162952
23.0938546010293
58.8277740753256
50.698236678727
65.710784168914
33.7192756934095
23.3522226917557
50.8053546654992
71.261984994635
76.6885709599592
67.746688156569
42.3134973177523
31.5287160337903
29.0000032409735
62.0760545134544
57.2719175252132
57.0575571618974
63.547991679171
36.4476126269437
53.9593028709761
47.7993603562936
76.1113673215732
50.362072332557
73.6116432817653
49.0281223901547
55.0351103302091
40.5503320507705
41.7319867458273
52.6049343170598
61.9685302954167
58.6507798288949
47.5280523578319
59.0347606339492
61.1677411361597
37.3193851555698
27.0326746394858
50.0673136069888
52.3447050363757
57.1172821219079
33.7310854811221
25.5600173259154
50.597560883034
43.6993039911613
25.9728586534038
52.0205707289279
36.6757626179606
57.0794360246509
65.5370330205187
41.4851834583997
54.6609460725449
56.5092220203951
54.8417258542031
60.8183477888815
53.2418075880329
41.1691459594294
23.8370080923385
22.3972636625651
74.7810712200589
52.7991433627903
27.1139028215488
17.9773315321654
66.7508862679824
33.0321394593145
40.1633222936653
30.77987649279
40.2191294706427
48.3013569610193
41.3810626592666
53.7513718591072
65.8269930281676
65.8346475102007
39.2609491827898
26.8408007686958
33.9585769106634
8.57370439916849
48.2552127796225
9.87585121765733
55.1232697325759
50.2143381745555
40.2982532978058
72.1815818105824
49.8840483487584
57.4475738685578
54.327186417185
50.6780340219848
43.2806350898159
68.1278566480614
14.0730672283098
28.1505737507821
50.454490212674
56.7388496128842
23.7217002845786
57.74248591974
29.2099874350242
36.8137061072084
36.0340604092926
49.0059557382427
62.7246190560982
62.8139862674288
73.6120389192365
55.3641988663003
53.99345344631
56.8242485169321
36.1675790627487
38.5566105833277
40.7183221034739
39.2939635785297
43.4545449679717
18.129691190552
65.9470573882572
46.359730695691
53.357841912657
11.1942267122479
54.1751984856091
56.5119733801112
52.4901956669055
58.9489974580922
18.6712873983197
36.0536246444099
59.8870257963426
58.4530548658222
47.6259067843839
68.7442786293104
51.5630922163837
49.7374129481614
49.4751321384683
58.441573928576
21.0794031154364
21.1201914935373
28.3063025747057
36.1189054674469
23.0822276207618
59.1466912771249
44.8889200342819
41.6135062114336
46.3246237138878
43.5996838496067
43.6706665204838
41.8991006795752
20.5119518213905
51.8985892995261
67.932732286863
77.2299943491817
22.2877820876791
52.2718218853697
43.9417239977047
42.0592098598837
42.0930663822219
48.7437554984353
68.0285799899139
42.9548801039346
40.7320380327292
75.7325825397857
7.65681394841522
51.2864187935088
46.0480230394751
37.6057518878952
74.7187928645872
48.6413022736087
55.435746979868
39.31173392356
22.2782292403281
36.4031583412873
25.3716717124917
23.5394953633659
24.3726357002743
31.545532678303
49.1090723662637
77.3215336957946
31.2360094825965
44.6289399608235
27.8527103364468
79.6957373386249
69.3059002166492
66.2385938921943
55.8568083215505
63.5823490447365
37.2752936984979
34.5106627633299
36.2325729220174
56.0977312270552
38.7858379399404
32.6162829847678
58.123993803747
36.0587451141328
36.5793512319215
26.5594682048498
46.8614418059587
38.3267329711312
55.8354681124911
49.2508154552261
75.5190113559365
83.1923095975071
26.1485052178614
48.7998895696364
42.0874297385718
12.7080124328655
61.5931078209542
27.3205061915015
48.4775076613966
58.9310525683686
12.2886389144696
43.8089342205785
59.2037669958298
43.6068305791273
41.4161053086137
60.9845808357932
47.8142678784825
42.3945274453509
25.2420202596113
71.9475481892005
61.2755001639016
47.2256140783429
59.1962966718711
41.7227703146636
28.6904540844262
35.1495033246465
67.2575443168171
32.2760083363391
77.8210695716552
55.1743476535194
64.6287960116751
70.3329417156056
57.1696842671372
62.3645726682912
47.8895114501938
20.1371151488274
51.2589646968991
43.6233552651495
36.052061995447
57.1738858125173
57.503804389853
49.5857821078971
38.6558872996829
66.6367836529389
38.2973930099979
54.7826895379806
50.7602311554365
37.7465892233886
42.9137866324501
81.7495202645659
52.575982932467
32.319879042916
36.8262203131649
51.4043842034729
47.2509190508455
70.9395134472288
38.8193895680347
60.6455636894539
41.8214455750445
71.5087301214226
32.3925101547502
82.5665485463105
49.5078949295838
54.4614249374717
27.8126299963333
9.69787692883983
25.0986579922028
43.9200928441552
87.0896076032534
48.8410618854687
27.4486702828151
45.1451920089312
29.4812460013618
23.8122913771263
69.1838142229244
56.3899287953973
46.9982781326645
71.7154805315658
41.6211732663214
25.5720021668822
38.2479223771952
42.8779358626343
45.3380038961768
26.6080406145193
65.6814174726605
29.0963499573991
16.8875475646928
64.104053308256
60.2928855223581
52.1763926954009
49.4769237120636
51.8343803705648
60.1684158318676
38.9160636113957
39.0095796319656
31.1018911888823
57.4287757044658
55.0513933994807
45.3865123263953
51.9723868357362
40.4236847534776
38.3797614339575
30.8385302778333
47.3264620778747
67.0998545829207
52.9356008726577
42.17968439702
27.0452797994949
62.3123136465438
58.7680296739563
60.1550999563187
60.0258523481898
61.323196394369
37.4712481861934
48.4907208010554
57.3222984094173
32.4378970544785
57.5418569496833
83.5668322979473
33.3829098056283
45.1773221720941
31.5777806684669
42.3453664746793
34.542272624094
55.8300162665546
46.7794251744635
46.3878737646155
28.917211573571
52.7771782362834
52.4253429030068
39.514949238533
41.3419863325544
33.7028275243938
59.7068258211948
69.6835746639408
50.3713073988458
12.8791640745476
58.448891621083
31.5335668274201
41.9827003733672
44.2375194397755
38.9934882987291
51.4923339360394
66.764530722906
37.5969423912466
60.889242857229
46.7131121549755
42.8194490377791
60.7637104112655
45.0235375901684
63.9029034646228
73.6239280668087
34.5688916859217
66.3947200519033
40.9921813989058
59.4934498724589
76.3850813964382
65.8795951749198
55.8046558289789
49.2448791046627
45.6042912555858
32.6423730584793
77.3474190500565
47.6787982910972
37.8820644728406
72.6057211868465
61.3300932991172
30.552401964087
46.9251255854033
64.7210613824427
83.3037707488984
60.8231715741567
63.5712776565924
28.9329453953542
33.8142388107949
65.655495680403
34.8578114062548
46.7647578916512
32.8246511635371
60.0735659827478
51.2688723974861
43.7661558389664
50.1743268687278
54.6559033796903
53.8020334206522
47.712339903228
40.1617872509642
74.2712895735167
63.0970986094326
64.6836482919753
50.4100548230097
40.6394545570947
44.1131514381138
68.3433932135813
50.5275378818624
68.699119205121
66.5489958132038
58.2733149640262
14.1539896139875
55.9158913074459
51.3399913890843
65.0636201025918
19.1853857832029
80.6856736307964
50.680146436207
40.6131474301219
36.5747274943063
71.1024655611254
62.8447541967034
44.6938506625786
80.1502999383956
28.29913336903
36.1679393099621
78.5949314013124
49.8038152100241
37.1582545340061
37.3977720030207
46.4265037504341
35.6676285063219
42.2558021394273
40.0549280558086
31.5425929331919
53.751842060592
53.1451349961571
44.8061207425781
65.1916905189864
35.1157492259517
42.9573238361627
35.4196406867039
69.27838047036
40.1173981372267
43.1912845815532
54.8745080013759
64.4643006581094
36.6650132928044
60.9457944519818
45.3346502035856
23.7663183361292
58.6271991487592
45.907732997774
58.5387903265655
25.8200796934348
25.9341411582031
52.1184485405684
52.0252339774743
58.4933016798459
43.8544155331329
22.070783085054
52.8584257117473
38.6472490887415
48.7640010542236
21.8594022081793
53.127828752622
61.1500478698872
13.6002223406203
43.3965802658349
41.3741824150524
42.4501038505696
41.3897687832544
54.8368947347626
49.8677938012406
47.6725957705639
63.4722418035381
69.494899827987
72.3015027469955
35.3084814851172
49.9350721365772
15.9805868752301
51.1090229032849
39.9411889375187
21.7590043801236
37.0959102292545
51.3025621851591
52.075462648645
33.9030387820581
30.8339210614424
36.2561639631167
58.062044903636
31.9380438950515
40.3874415205792
44.9595117825083
46.6735248919576
37.962228240559
19.1436199238524
45.8310559042729
71.5542190591805
55.6816967437044
64.6861830609851
83.2834762404673
89.9428405527139
46.2056024568188
43.123944371473
59.672886854969
47.1359653165564
27.1584083675407
40.5674157082103
52.4651390151121
59.067883354146
66.7454366921447
57.6564372749999
50.2158901654184
25.9561389102601
59.5984814572148
47.3402674921042
46.9382727756407
67.3254957073368
66.4290954591706
49.8113327873472
66.7821170645766
47.8246037382632
66.3817924796604
16.8915866524912
34.0622332068885
54.2162653873675
13.8075858121738
24.7097922838293
52.1950193797238
58.0200984841213
42.4798234260355
29.9598739469839
18.7240854720585
45.4727984615602
54.7776570892893
45.1138400821947
62.1076807728969
46.5945198666304
38.8407660648227
62.7327532856725
42.5022525596432
59.1834702063352
47.135244240053
53.6830883938819
26.1316146352328
62.1219228487462
49.2024066625163
41.3952924427576
31.6739740082994
57.4613914941438
54.5283294766284
61.3723116111942
63.2169034797698
33.3350538417245
54.6034913277254
68.225551804062
35.5068026692607
44.0675089485012
45.5327006638981
45.2156541869044
39.1824021353386
54.7884918655675
55.7894814992324
25.5763515337187
74.8530220589601
25.7145257783122
63.6213669204153
51.7286414396949
35.7660352019593
53.1554791813727
38.0189625070372
24.6977380011231
46.2919429410249
45.6234575249255
61.6721779224463
90.7476453072289
57.4469958134273
45.0430128257722
28.1575458939187
42.9153966251761
37.5183027354069
42.6483854553284
12.1009867289104
60.6825632639289
59.533727762755
64.5144199952483
42.9097443120554
30.3302435786463
60.8345160813323
17.6674574109496
66.0563000128604
51.9363429630175
68.978222028818
61.4364813079522
29.605753836222
72.3388105053275
56.4002639148384
32.5014275416973
33.8432385469787
61.5795180783607
36.0288741649128
17.6978884177378
55.401521618478
38.4388545369846
66.2987296280833
66.1500728456303
54.6930655837059
52.145276335068
67.0235693687573
34.2215917189606
64.8713264994433
56.5440585039276
27.8901523172935
42.8408841253258
47.7362159290351
67.2842620988376
66.9343011089833
64.3022292060778
75.5495283519849
27.4779276223853
24.8231253353879
51.3533963821828
58.0576747693457
51.7753552994691
47.7089327177964
68.0222420487553
71.0016733169848
49.4234794168733
54.8854498774745
56.8924305844121
80.3043021005578
28.9506203844212
33.8385382425785
39.5506022291966
57.8473620698787
49.4015089352615
62.0144728454761
49.251359809881
22.6253201253712
53.4821763185941
55.7350675402704
50.0854182755575
51.684730395209
18.6339442734607
4.27613721694797
30.5854332400486
39.7491516154272
42.8038288955577
47.9987537137299
35.6009924435057
77.5099056772888
56.9052355713211
63.5836771107279
25.1495487755165
26.7636209298473
32.463826937601
42.4783763592131
35.4687076097399
25.6462901597843
56.558535550721
17.5500296754763
55.0517581868917
42.2674649744295
33.7109844549559
62.0768853696063
29.818165745393
28.9252166985534
65.995513070741
43.0501268710941
37.5669655622914
30.164317005223
34.3829433507021
35.8603684438126
32.6432429438751
42.0665722922422
32.8095125872651
40.4435058007948
55.2855296409689
45.9335549441779
54.1383239324205
50.4682893933729
63.5060023050755
66.444250929635
58.1411760649644
33.6198242148384
34.1472470850125
38.0544777144678
51.5922293416224
36.4316540083124
48.8775681005791
13.6603459329922
37.8606998128816
51.84093414573
15.351245587226
49.1435308358632
30.888645153027
46.8081954947793
43.2899495353922
74.5161413215101
43.4312848374248
57.4393144925125
53.8403517566621
51.9704343285476
25.3745940281078
38.2604278856888
45.1426481788816
52.8678986011073
67.670208925847
41.2528367168052
39.9468044051901
60.3044963791035
40.4346433351748
76.3806364848278
43.8286063726991
42.549721517081
61.6751803318039
25.5850602600542
64.922253601253
58.0178579548374
26.6160562168807
31.52858663816
28.8219186767499
35.0260116392747
61.2212998676114
68.2466222788207
61.9954486898494
71.8759301817045
31.093240075279
43.9551170566119
25.681491162065
29.170278845624
44.919460490815
59.0256883297116
74.5318247936666
43.6987046089205
83.9087986387312
47.2386009059846
39.099220011849
49.0093354616752
48.7925996421836
36.2663422507835
79.9772025784478
44.4763796404004
64.6200601477176
47.3098348593339
42.0531746927836
36.0051106398827
59.4079810272977
47.8591809099036
91.8425073940172
80.731549707707
39.9530563736334
54.2211511979366
69.6985778049566
62.0206310413778
54.66578155756
74.1195260197856
38.8666916987859
53.7338717978018
38.8972145156004
24.7954878723249
18.3869075844996
20.6917351070927
28.8329959148541
61.4384768996388
50.0702338758856
44.9317771126516
82.2904753149487
81.1613493880088
32.5019956805998
51.4318880741484
62.770675343927
47.175606538076
65.7857116311789
62.5867205671966
58.3063722588122
47.5201272638515
53.9169540279545
60.3987349313684
47.1873903879896
47.9281339212321
51.9625628949143
39.2230267693649
20.7870174781419
61.7388372193091
57.3332478525117
41.4121741778217
18.1976497466482
32.0094540365972
38.6534453136846
53.32065053517
66.7930979980156
17.6793652935885
17.9021453778562
51.8436345737427
54.4963514447358
60.9131199735937
71.0582729661837
36.716198458618
56.9495458039455
85.2372862864286
26.5923899714835
32.4073352385312
35.5565882055089
36.4785346566774
59.8122762191326
74.0241401945241
76.4596956432797
72.1641762647778
58.6139794904739
64.0084055485204
66.1008139722981
61.4161406992935
67.432587093208
30.0904294747991
46.8861680710688
54.3077077600174
54.3399907143043
59.9962705746293
37.1655475112486
36.7949189967476
56.1169498832896
77.1690445253626
68.489609810058
42.8669155260266
57.0163441247274
51.620741316583
52.640943787992
17.1222100034356
42.7561459946446
68.5775567544624
41.7788401246071
61.3420114968903
45.7829815324441
39.8014794918709
46.0162142990157
19.0405818284489
48.215591639746
53.9851322537288
44.8785616715088
46.4382370100002
35.9516289247445
28.6135415080935
72.5292600691319
37.3509551282041
34.945025050547
45.0883582234383
38.9392273369128
35.7796010212041
56.8147498504691
66.7403860134073
34.5234517893079
76.9499786905303
46.3349774945527
59.1434692277208
67.7873581710096
66.8580640340224
25.7928901701234
55.7766672573052
37.6307554543018
17.3920409272121
65.3331423527561
57.5023594428785
23.0343672446907
38.2200319436379
46.7374069266953
64.3532513640821
43.732136566424
41.8434686989959
54.8080713488162
59.7981364699081
47.2264731652103
42.7869948256531
48.7506099161692
35.6055851443671
48.8813900482618
55.9023136156611
39.2161994241178
40.5847480287775
32.1577753425937
47.1888416213915
66.0815424635075
45.0286985545449
53.2726176897995
35.8297821949236
65.8556151320226
13.0507313776316
26.9932555384003
60.2519041858613
64.5337165885929
51.5825430657321
34.9510104768074
49.1977235072198
45.5862745680423
65.671473799739
48.3813658938743
61.4426080719568
61.663864296861
56.3842192059383
60.3980651940219
72.1185689908452
48.0464576394297
63.2714796229266
56.4293266017668
52.4525604145093
47.6064520771615
71.4517200249247
49.7131488518789
21.9917287243874
35.737581201829
20.9602170507424
32.3567118330888
32.7206309884787
50.1860566437244
68.1559458607808
46.114699304452
30.1151859457605
37.647087584819
60.1393309189007
45.3025953611359
67.7112862467766
68.6064373585396
34.7999506047927
54.5229167910293
68.0191524443217
55.871614953503
35.360459628359
30.1732231164351
49.4940177886747
49.9786860309541
56.7103998631788
14.696559868753
32.5147701818465
46.2328131289283
48.5580277163535
38.3700332604349
32.1339592337608
44.3114818190224
46.0132321459241
28.1267681275494
50.85780529771
57.5565814506263
79.3484652143395
71.8340604216792
70.1333325705491
43.4738325563451
51.5965548111126
55.3653870592825
48.4226142871194
75.500596081838
56.4575680182315
71.2319383164868
49.335060954887
38.4806609300963
62.7761603682302
56.0548672219738
68.3850516797975
40.000322915148
37.1025376953185
33.3172065438703
17.5546880927868
38.327174144797
20.3440497862175
69.3751873332076
35.9758370905183
42.7189448382705
40.3677726339432
46.8712269794196
9.1056465949748
51.7070955247618
44.0459206525999
24.0541404928081
61.0323445871472
42.7133660775266
57.7829178899719
30.7834148383931
50.8915812824853
49.0215996396728
77.6246516616084
38.6539294850081
40.5969421308953
14.4974503816801
52.4567056114585
24.8418612660552
26.7409867374226
29.9518839456141
38.8701923376829
81.0556597425602
58.3514292957261
24.5010826620273
64.8560288827866
32.1704667294398
62.7817094777357
78.5512392176315
41.5935562923551
36.0291441682159
33.7634426541626
40.626905625686
81.0421057976782
33.7745938450098
52.1649626841089
42.0514025026932
49.2000094964169
13.3028100826778
59.9415836287112
46.7011131113395
29.9217097714777
62.9581193404314
27.1730066567385
48.6280463519506
46.6670697954364
41.9215550064109
72.2856112988666
58.0114949843846
67.4585166852921
54.0592685574666
45.8689273218624
48.5826765652746
70.9816688904539
42.293033827179
66.1760318325832
21.2291344068944
45.7038568565622
60.5065981508233
57.1631276980042
53.6788633908145
55.4203695501201
28.611500648353
48.5058800295909
32.4300605570897
49.0428387420252
56.1390956281684
47.270582348574
40.4803774698867
40.171465894673
52.0043799187988
23.2475048978813
79.5952813350596
63.7919533764943
76.547579083126
24.3542790412903
60.7181893233197
27.0278654643334
40.1208584743994
54.5429618725775
72.0571694546379
36.3920287255226
44.9427273124456
55.3182457224466
74.9701682361774
45.4480897751637
64.4412694382481
32.1744296816178
37.3641098849475
76.0101656196639
16.1468771823794
42.1775279100984
44.8337364359759
44.4098348380066
38.8474762439728
31.0596990748309
75.8602083078586
42.5536800175905
41.1238269298337
49.9847494065762
58.2829405320808
49.027708742537
28.5221557374109
39.480984560214
75.6628966191784
59.2360582086258
55.447822669521
59.1137098963372
33.4180559148081
60.5614883243106
29.0344300447032
31.6298288526013
49.6582805644721
65.4343131463975
14.9901639088057
30.6397342355922
32.8159513401651
31.603925395757
60.615505441092
60.6325164553709
60.3301427909173
45.7441944745369
71.9514762749895
31.1889148433693
61.118520447053
42.970348324161
73.0946549447253
37.5785087817349
55.6307620753164
32.9178005922586
52.9398666112684
22.5003886098032
28.1040286063217
31.4731465769
44.5319809950888
36.8895446318282
25.0186718767509
46.317013038788
48.4471030649729
57.0286947186105
66.7560294969007
44.5302793523297
29.0830213343725
52.2780164028518
75.0198070891201
73.0708878836595
33.1607545838839
67.6927287713625
20.5189950065687
57.6840053545311
47.940100193955
34.504457609728
29.4068618865107
49.7625866187959
48.5807928043178
59.461995435413
8.47666943445802
54.7484516394448
50.2344896667637
57.3309785104357
60.9800081771794
68.5240009333938
44.7984452475794
52.6483418070711
50.9028017960195
46.1720397579484
42.8825966082513
41.845072733671
47.3845155127337
73.0262867873535
53.136172646191
44.0891208147268
45.4676423518686
74.3170420755632
58.4092127275396
40.1431607315317
46.1695031937836
55.9554250794463
39.1157377162017
62.1622466715053
69.0715511445887
63.1546422240362
67.6649503875524
70.5756473471411
58.9422293123789
62.7976533723995
65.3409552760422
31.7412885148784
37.4091381090693
48.1619091588072
36.5705529111437
54.8164730425924
49.2496261722408
67.6502064452507
39.3033899599686
46.0621114470996
37.9811953171156
37.3806815181916
29.729493544437
34.0907926438376
54.1587524930947
11.9576348929817
51.6227207263
65.223770448938
29.8291259096004
62.4866004218347
35.8094723124188
42.9136546793002
62.6574335037731
41.9635213329457
70.5009752418846
21.6925462009385
47.0003568638035
