"x"
35.4024337721057
32.3136394280783
23.0841915472411
50.2009378272526
17.9561973702601
42.1551010804251
33.7984967045486
13.6384033002604
35.2224019588903
14.5582138288157
3.89992567943409
28.7264052312821
20.3935911709714
42.5903021823615
28.3559943200089
20.913288742706
20.9258798277006
34.1879721381702
6.03985174960672
25.354647264537
10.0825292756781
10.470766457729
16.9606579182873
24.3395029958674
22.2791369888
19.4457182561973
23.8859042690878
11.1188745038772
31.8177136570867
33.0202562035993
31.7252243435338
28.0739380604885
34.7918733237999
44.8487275504872
9.17462472584663
7.48019968159497
25.0453634071164
24.0168852504929
20.5050413109436
28.2656226148587
25.7366460282356
2.19506048597395
30.1864787470549
28.7753348238766
20.8228818955831
8.93253250978887
28.4698235336691
20.6388080841862
29.4474745751359
27.3935996228829
5.22145553259179
5.77659887494519
27.7398182206825
11.9551381118311
25.1520351899007
16.3761170115322
28.8004811818984
35.3168178698979
44.2500959616154
37.07777242117
10.8085726387799
40.2210385655053
35.6028576252795
38.050651550293
31.0570913716219
31.7742201732472
17.9859880784735
17.1960105126939
34.3728640142287
23.0863399920054
21.0115586523898
24.040317919571
54.4045503484085
36.5664409473538
16.2709556079691
23.0194145942708
27.5602386100218
8.73425236204639
14.8937764787784
19.7090305155143
14.9063517455943
40.8010017708875
39.7205045280774
6.92587718367577
28.2012049873874
27.2142956964672
32.6903610514249
48.7666497938335
16.0864391946234
8.57363274553791
5.23546331020483
29.4636082835495
36.6664459884343
4.2032979929914
14.8877607425675
35.946125513874
6.38998740550577
34.4396858126856
9.82651964295655
0.504312492101698
12.6189253762519
25.4977545700967
6.40731153544039
9.42816294965497
26.1636149371043
18.5788706876338
0.699756550602615
6.7300424741907
16.3897754973732
29.1772446848871
19.5459622229665
17.6515556522645
16.2379766405254
18.2507762514113
0.339116528959073
26.1073877336457
8.11323151358749
13.5003004799425
22.9434760985896
7.1442840853706
37.0354793083444
50.9873490469748
35.9787095221691
7.40391234314946
56.3413911149837
12.0086323586293
12.5829517492093
1.43061066046357
15.0461525190622
21.4634910544139
2.51539872260764
22.0330377261425
11.9561614701524
20.236742954243
4.64829715082647
0.293132641543945
37.7385556348599
42.0785132446326
17.2403179233362
35.4225498740561
3.71490355747129
35.293783364812
10.1605017553084
18.9572531962767
40.8021876603699
7.51471661673307
16.7546258307993
4.34382236562669
39.4139014533721
14.8920943131525
31.2535925373784
0.641897728201002
14.2713187378831
2.73532595019788
19.3044292973354
10.3119868020164
10.9420095104724
54.5850305934437
2.43641110137105
27.4244917090982
9.08699486171827
29.5804988709278
44.9808415723965
25.8840111458697
27.523374143489
11.7585565846233
20.4054660264951
11.2480188128264
19.4698589621112
0.135287907203667
20.1939162189252
26.2395991594531
16.1902194649682
8.62128497101367
1.2045475727643
30.705219367519
10.515590198338
43.4390086857643
28.6386397201568
41.1351375514641
14.5622220091323
44.9804601665679
3.43149034166111
5.25788310915232
14.9770645162162
10.7253902824596
37.2345383109139
43.6186646693386
15.3123784693889
43.790322297378
4.58849473657717
28.8211544975638
14.0390765154734
44.8394594714046
15.1422111759651
28.5529137472622
26.5092599438503
24.8663024350092
0.655151205137372
18.4571935678832
28.7170041413935
9.11549560260028
27.4852162822063
46.144797001034
23.078104481101
20.9642258055998
35.4405137477443
17.688821414695
56.6054033115506
27.9876175918616
35.5783185354281
8.23215484975914
26.0295379557647
29.5598639640957
22.1704561845399
35.5919928406365
33.5312974066756
35.7982977305066
29.3123719166033
22.2495663911104
26.8248456582435
8.72447161236778
17.1350002258179
9.43131488747895
12.8910821513273
12.6848173849975
13.7744997911906
23.0375688946338
22.6902887807228
21.4133682311513
10.5283646262251
35.5644747614861
35.2465389727921
4.95412474265322
15.8881917013787
10.5186476139352
12.4506898508164
1.19291509869543
15.4239975209948
16.7716149007902
28.5113678546622
13.9657025574706
6.54302607290447
23.9677907102941
43.1271730922163
18.1543399812654
40.3393555898219
20.0296361006157
11.3258578348905
8.96100123044724
20.6359596922994
12.7720682648942
32.1339545189403
21.2457329034805
1.32277450757101
6.98573120551894
45.9010342118359
0.81833702310161
10.8065385138616
14.631844474934
9.66683152364567
7.430320372805
39.6524494842311
11.4907570532523
19.9911617615749
6.50654314085841
0.567878990487527
28.7848392035812
20.2544595155142
40.6215282855555
13.8383975136094
6.03396308056116
8.29436742127495
38.5565964970738
40.4597661690786
33.338938083034
13.2359373383224
33.5346846259199
39.7874087211676
33.5590948234312
18.8897042968666
17.3213856178336
28.6492222221568
9.68871300574392
27.8982239122525
40.9003506647423
0.400149954539108
25.3843306563795
23.153569996065
36.7421639577837
11.3027751795016
11.3980476278264
1.07972529936893
10.2712090221383
23.4391466947272
15.4114910401404
44.3386600818485
22.3475910606794
17.7358792446096
0.670214532874525
45.3669121488929
27.007534110453
17.0523175038397
21.7238985933363
16.7779434705153
16.6195029160008
31.3843175536022
9.97488095890731
29.313949868083
28.2572005526163
14.2738039541809
45.1648648013361
20.2305452311909
19.8472384363413
38.3328041643836
19.5975551783482
47.8390439231877
2.35676877190531
37.7789789441097
31.7163874278776
11.451572412625
10.2796072605997
18.61261628801
13.0175416707061
32.1047911420465
14.1179540101362
3.4839209100588
28.0083968038324
33.9909815229475
21.6187774994009
16.3768129597779
32.8464513999471
1.87929003732279
15.631329966709
23.6829463242855
41.1761412979104
8.86956130852923
42.1545347198844
35.0705026175984
36.932724295184
6.3842201188334
13.8021660386585
26.8426029089358
9.30834289287989
35.9290471231392
33.3581242593937
31.3807212574236
18.8301141024567
11.1447672825307
26.6856776506115
21.0062696714886
45.0203518848866
6.19056496187998
37.3427610029466
20.390877103874
38.6489819093681
12.1580502018332
14.627956028562
4.61927851277878
12.6094655133784
28.1362932291813
14.492049056571
26.7525335568431
31.015829926918
29.2335223639384
26.0412217344727
25.919505030205
2.98839410519566
48.5043030472281
28.2683497061953
30.3404874284752
30.5704228812829
6.51015779073239
5.55303029250354
20.9352849555579
30.9018196421675
4.79846482630819
7.16537504922599
12.4533310881816
11.6450857922644
33.5635357540317
27.9193362145071
1.71711045523358
46.9117404286598
2.19227679425003
35.9197802026756
20.0503005569861
26.3514340883366
41.9463170106209
30.2877452340908
18.4833380195499
21.6444162651896
21.1394749348983
6.19639999028564
30.4509369387764
22.9450054040847
21.2656841613352
12.4979539541528
38.2043190192377
14.9751598801214
12.2367297245941
30.4441052721813
32.7578659052961
25.0092929888216
35.3054266306572
35.8207179848218
6.04343961458653
45.9115301491693
21.2494450388476
14.9944379912283
13.7019465328194
26.5423555496321
43.8259812996666
43.4851012867591
18.3609379468441
38.0718593369238
12.4801096972078
8.9682680554688
17.0375644811429
17.8369242348708
15.5766647332764
36.0704752383754
19.4785977946594
0.451993844828568
48.8176862127148
14.786359533938
33.1301353002651
11.0664002131671
15.4039656166758
46.4683917816728
12.7027306007221
42.8610540111549
5.504279746674
13.8308742276221
23.7107473076321
1.40609772643074
37.981340312399
24.099521106109
19.0811022298709
11.4951359756645
15.8887757570483
19.0662895329297
2.85782262034919
24.7437637299299
29.3664920027368
9.99522546771914
14.8095801614718
28.8982237074991
24.0100499925995
28.081028314773
9.73509352115706
8.85530266219499
28.7602379685268
47.0051436302417
23.9059460582212
42.2190044773743
20.8390805637464
4.5678343148543
7.27196200750768
32.9921919619665
21.0621958248057
21.2041294435039
16.3302842738967
35.5350903701037
16.793181794224
38.6472670943476
36.3410100690089
12.6859651645645
23.7726133413191
11.0048563219607
6.92448327789899
19.6153362630866
12.3795409584937
30.5211767554283
2.22318444866687
11.8796626338735
17.6519207307138
33.8469312991947
12.7915616128695
25.9632170782425
12.7211165648215
7.97990121645853
17.1128009088055
43.1483774046959
20.430548756849
19.806991214864
14.7452984612783
35.0899844985827
16.0171039169654
54.5838709804229
25.7786614238285
23.1259670755154
17.11766642984
49.1212952179863
27.0922724157572
6.68634002795443
22.2467306884937
1.34513305296618
38.6026825290173
27.9977252939716
6.14975503413007
22.2308851080015
17.6024251850322
35.9800711739808
25.2139868098311
26.6304657373676
24.6056019095704
4.84951353999008
32.5409853248326
16.4871533699264
12.3524395244682
26.7934144421408
14.1508881351911
24.3712834781036
35.455885110423
9.13244835101068
18.1626507320149
14.7641908260994
37.1844913461246
28.7749853450805
4.82428147923931
5.42665676726858
26.9779547234066
11.1859471917247
26.0589592759114
38.1908561685123
23.9945262437686
9.28847125032917
23.1295425910503
14.6838624182138
39.8386901360936
30.9913324544566
28.6133267800324
2.29159023006894
32.4871480697766
11.5266180081538
19.4131785538048
30.0066057571988
32.0045547559857
4.27781268921232
58.9426896698534
3.89631994767115
31.8817730294541
18.0947565822862
13.3243256329516
13.3358333355433
19.3702662363648
35.8292592531084
20.1581051507684
8.09306069635147
21.9295509113608
13.2063352502882
32.6070158625953
24.801565808125
4.15388455424591
10.5932299047709
37.6542723970488
28.6422794451937
22.0140097026673
6.50132491829009
35.7111785560846
40.4923554160632
43.1287749088369
19.7840813780203
14.5519211655483
0.519154651556164
9.88048443105072
20.4310101107694
4.566645831801
37.6342078670859
6.2314042297876
21.3860717750358
30.3683174424805
16.495703603141
10.3295826702379
52.5948763242923
20.3254993539304
10.1813515648246
9.9092367454432
36.9320705236474
40.0766705296727
19.330401730258
19.4487780925944
11.2409638078512
51.0378808248788
35.4121667915024
35.3678983519785
8.0963809741661
7.35832151258364
24.2809724295512
24.9357619904913
29.0392895694822
5.57490083156154
24.6875375160016
35.4252843316004
12.5934879179113
7.73348991616213
16.4883374236524
1.0741647278666
3.59392309569855
37.7862276121699
31.1050465097651
42.5466262564779
39.7726151277311
22.3984945326832
6.08169846236706
20.8112444961444
36.2396273412742
26.563367806375
18.1125662506798
44.5603688131087
19.0885350795943
6.82699826368167
18.4032713295892
2.81913950846811
27.5075848330744
39.713240931821
6.41510391142219
16.7523164624928
44.8864104691893
18.9248363021761
25.8660259423777
14.7024386015037
23.1362275080755
4.12604090524837
14.9294150178321
30.4719343548641
21.5259492351027
2.11015657987446
8.91263823723421
23.9056884662171
2.52686021849513
6.58390822383074
34.9066422204487
15.704915529167
11.9401403381949
28.5672495956533
21.2523339189222
20.4039486762238
23.0127472584107
10.6479927781038
29.7003994346596
31.3671892508864
9.30012863278161
15.1556270651416
37.0914611849003
28.1087268376723
8.24662356005484
13.7810647720471
26.2815302277451
17.7865791509172
5.51331567112356
31.4769828454477
55.093572066985
9.45746258366853
19.6294719844635
24.1763018230204
47.7404242265038
9.40329608503216
27.1456211921759
8.04970372701064
45.5945714493282
23.0845787122419
9.88553464412689
0.795932806510655
50.5542244645767
15.5018032187473
14.6811413578689
34.8473004048005
33.287639322225
17.6750286289126
14.3852823165131
25.3296984158749
45.9671655553393
4.12676258386405
20.9115469479002
30.6825026636943
30.323215352837
17.7190884735779
54.7997395624407
11.0389976180159
1.00427597703034
2.72563380666381
11.4406775933805
33.3025932458051
10.9091918566264
13.1808955338784
10.2364634512924
11.8221222655848
18.8025281531736
21.3648643357906
9.40063144236797
8.37582830802515
40.9829283016734
34.28861516295
17.7231165648804
0.0999638577923179
39.7815793403424
14.6098912227899
22.8999019600451
4.45493648294359
22.1606405172813
2.62887472641681
27.0530244451948
1.85129442252219
43.4759180858653
16.6284350561909
47.5481354515068
43.2302433764562
21.5172103094299
34.4423452042975
30.2071036764901
23.9864576724358
22.5570144653002
5.23670321793353
38.1329820957035
32.3030616273172
25.9254971169867
11.1322053708136
13.7102347742649
7.94819800553067
30.2211616653949
27.5064731249586
16.3654214550372
23.0839264113456
57.0545812952332
21.1491968366317
15.7851841649972
3.22897371370345
36.0039427760057
7.70322713400575
20.1731904964308
33.3731869100976
12.6972930738702
27.4173833313398
10.8989290384527
1.98191264644265
0.826896924991161
18.6202676268294
31.5577336587012
44.4631993887015
13.1701544049091
46.6263540438376
20.7414501155734
31.0750883092842
24.9054429952357
12.2536246298806
25.4668955458328
25.3552740905434
25.1474765245803
19.7259521228261
3.52862516863955
43.3494984172285
14.1201910446398
12.3581489946404
17.7539236028679
34.5672813709825
9.9953260505572
51.5863980399445
9.18980344431475
39.9664586875588
18.2182093849406
25.2469215192832
32.0881450315937
33.2431440246071
28.0737651628442
55.1523045869544
7.47854737273519
23.7131413647086
2.77535117541338
1.40443228883669
3.80182985856006
11.3639656919986
17.3523691482842
26.9564742005893
44.9105611187406
17.5881583127193
13.8776178391812
18.6184658319366
2.20920151558228
13.534162208109
25.0094943330623
32.1145509369671
3.76156599192061
16.8434440824791
8.18659155629575
15.4265722111907
37.3812315519899
9.1866081347689
4.68614179408178
42.0570238493383
18.4904004563577
18.4974980656989
8.541863062419
23.9371156678455
45.4726064926945
27.0898857852444
18.8644014415331
4.07336454372853
5.43432961800476
31.9623142713681
48.6484015709721
6.82796956971288
13.2962627424018
23.7022874644026
12.337769485257
15.4820640455
22.8871834115125
34.8596019321121
16.3015004363842
13.2190997828729
13.4984939463042
14.2112390021794
12.7294059097117
35.6233163620345
23.8628518056662
15.6707288115285
5.40755776455626
16.9243036070839
24.4429717354279
5.02433625301098
2.13500997051597
5.6183295404678
37.1326418826357
16.0928140140017
35.165484395229
6.13657371109575
30.8019112562761
22.5977782852976
26.4644757844508
13.8416179696898
6.48801243713176
22.4330568168865
40.9590798662975
26.8935940966272
36.7694915621541
30.7130195433274
0.169612974301059
7.37006118288264
17.0276844874024
7.05902458867058
34.6300171804614
28.9636591353484
14.5127214491367
2.32800472012149
14.4725300378033
2.89427969610721
24.7703310793606
16.5722914389335
11.3693502889407
0.636688026133925
12.9575823084451
20.2018931005316
10.7733448385261
56.630608451087
26.2889135521692
11.3872155673227
15.0233554304577
11.4765773760155
19.5123112061992
34.7831211443097
15.6136682489887
20.5178476859063
46.7631540377624
17.0361544661761
27.7332023833878
10.4078820440918
19.9364582658745
38.9494170085527
10.7848738879079
31.1463753459975
24.6094107860699
42.9577604518272
14.9835692718625
17.3600653652102
20.4878735821694
17.4081050790846
3.16831486998126
39.3992584431544
24.7701770276763
0.252251534340658
7.40687560755759
25.5064582452178
13.6988405461371
4.25945245660841
22.5604677689262
37.6504714367911
24.1337874904275
9.62723197881132
55.4776466451585
13.6613511713222
19.6814152295701
28.710340091493
11.3660601782613
9.04567836550996
16.0797293065116
3.69340425822884
3.65037435182045
34.8744698024649
24.4850679882802
33.2388911047019
1.46922341082245
14.8923707893118
16.0541273071431
47.5358823896386
1.6378610744141
7.47226940054222
27.2051719366265
15.7912971730023
15.1137595269454
23.620268329978
22.5774155114777
18.3422456611879
30.7647698209621
25.0483472277626
17.1369169860288
21.4165934012271
8.36059509310871
14.3369195806969
35.1243640179746
17.3033829778433
34.9882761564652
21.4885862660594
35.2327318236642
45.275853946805
7.09850614657626
13.5061363757974
2.09413082406208
9.6793525042263
17.1004573079231
25.0264656795957
1.59093056326563
2.73048585370024
3.38655355153605
3.35680643231965
23.1152480118908
36.9300443236202
34.623702009781
17.0269258087501
32.2091440320946
17.9817702737637
2.76735262013972
14.2354221316054
25.8361269370653
7.87444657180458
9.7469610045664
48.2304894886375
26.3003932744797
5.0814730764539
16.3922314261198
32.6931301309423
9.67792189887855
21.802687086165
34.9086842596982
6.08306651702151
6.60494410985972
36.1491257208399
22.6102549931966
12.3475366854109
40.2642622939311
5.96758324257366
29.2301439381238
25.7211326388642
20.2188083785586
17.6867863046937
37.223375053145
10.9468377195299
16.7608735264249
23.6599607553212
24.4890318717808
50.4989817854948
10.0394727196544
14.2296084086411
26.481558859814
50.973387027625
0.334580697428674
29.5217483761944
71.5896750916727
19.5289390976541
30.3347874432802
38.9856471447274
19.8002371734275
27.0980459172279
23.658798658289
33.5665682214312
12.2685644892044
28.8396883541569
7.58443300742365
42.4031018046662
27.5158755248412
47.1167324576527
31.0980172944255
3.95875895628706
2.24027450894937
46.3914898882976
23.846321972087
27.9908876982518
11.6116740973666
31.9361851328999
12.972959066588
28.592711052378
15.97309357021
45.0461423606612
28.1812230320058
19.4844729629001
24.7406991950502
16.0115467733704
1.09911410103293
20.3114260364817
47.2824147809635
33.9841496429554
30.975064876353
18.8021148205735
41.1889131064527
46.1428289418109
40.7280171057209
10.0461507504027
27.4866008548997
18.2504435069859
6.95157895097509
7.36020032545418
25.8671286865138
1.66278771780214
33.9432095088576
3.53375592913253
14.2178705047326
33.8745152112097
41.7375849792734
21.2166597484611
13.2554941211737
23.1951494934037
36.5134926994643
11.9139386806637
29.7281448090715
27.9688817099668
8.47637680999563
10.0925796191022
11.599256482441
34.4692337675951
17.8423176403157
33.1917268340476
6.66649695597241
4.7570461547469
24.4952987344215
0.553286154258259
21.4169335208023
43.4101813908792
39.5023106830195
25.8110325812047
21.5322192388666
34.521285001985
8.50641878787428
4.55374480091374
9.41229524323717
30.9380571125075
14.5564912158475
16.2390906480141
4.07875410746783
28.1467633903958
12.6951162819751
18.7581264095215
7.00467048692003
26.7171236919239
17.103944090195
23.4251842077264
10.3356222316705
20.147071336396
22.4596231710166
6.45971241016898
21.6453212196939
23.5009738826193
20.9540072828531
58.1780586479504
44.1329234163277
14.5221423645025
24.4908006861806
33.0268084794342
50.7936082431115
28.2077195588499
34.2070699553005
11.2257379152395
15.4400338532709
10.4656039317301
27.5283655069072
30.2941044210456
3.99525903490113
9.52920998679474
6.7074530525133
29.1227560023997
6.8065389059484
34.1840425971895
13.0820421036333
16.1488271275669
27.2459774345337
23.0449673893329
50.9517868631519
33.8848814135417
23.190164794519
18.6599156227198
23.1310534548847
11.7792431265116
21.7947828281545
8.76194008951447
0.30953751411289
32.1306984988041
10.6881379615515
11.9214414612714
4.58462908018719
22.8622040012851
17.5884871277958
21.7248857370578
44.7514295228757
20.0238390825689
29.8291589900686
1.70547459206072
52.2363390700368
9.91047645220533
15.2051345212385
7.36538087349861
25.1245367107913
20.0852344860323
29.4173276051879
6.74920354504138
11.8362203938887
29.5027427491732
32.4225429212674
11.5216982799038
14.4217517809011
1.76824681693688
20.1519542094553
37.0827429456333
1.08303820903704
30.0403634116302
24.3028049709544
37.2469711380282
41.8436711770482
19.0658424260461
26.3622298168387
2.53997882828116
34.6151998574029
9.64798071848275
6.0877192122562
7.23475567065179
9.62668346798192
22.3248839029111
5.60793207203079
22.8521700482816
23.8709145924076
4.81626336353435
50.733617215883
6.47541839862242
4.37839515507221
13.1167163490318
58.9940360514447
7.80234206467867
16.031865729019
23.565381357912
8.18489651803181
26.9368912315093
14.6719399135018
12.4625929747708
4.46244305931032
4.75372042274103
59.6220036968589
15.3671014122665
43.4138971031643
26.5977537425559
12.2957380395018
12.8293919616328
21.0773896621422
9.43445582987083
37.4052924045971
5.11603010818362
4.71022941519993
28.0995240318589
16.3788257632405
16.7579499538988
17.0947400620207
2.70384107716382
13.4606600873975
46.4673644164577
10.646766924765
26.8540024408139
6.37285830453038
14.3108078627847
22.6456872644709
20.554517972617
0.392288959119469
27.0911351544783
35.6215997334522
36.21730330633
11.5009343135171
21.8084481594191
18.6776221962646
34.9627849063836
5.99840109137429
44.114597432781
36.1892574436918
4.47179330101479
23.1864369616912
3.52994518429645
29.1410845238715
21.0381771903485
20.6262799296433
13.6076796334237
30.1022291532718
17.8719552193567
12.4570853658952
45.7474684808403
32.6436048489995
40.0603950234865
15.4067541028483
3.99697503104721
42.195025307592
20.8016572856704
26.0364559482021
23.1963014230132
12.7873065928124
2.36999231856316
33.8759729638696
37.4062605989829
5.70558133767918
8.68104952037647
21.9445581897162
19.4643653812818
30.626346997451
27.7800301555544
20.9835032583214
24.5181582868099
19.3551652305497
20.6285435706377
25.5504779051989
21.1834795773029
43.2319409446791
14.1352314385585
22.8197467513382
28.1574455222363
17.5020684837364
8.59605625737458
36.0359535438449
5.50788084037761
8.82737204756691
12.3689434320552
1.62031623767689
12.6696537469983
28.9181169937365
27.6155223275869
26.6165597131476
34.7870794357732
18.6848740738432
38.1115734344348
45.9484655293636
19.6879409486428
12.0717533864081
28.1761059304699
26.2843649308058
14.1223112076439
33.6498922620125
7.4818045235734
16.6146325063892
26.1319951930922
17.2137064569158
21.6419377484333
14.6132622030564
18.699383828789
31.1746451770887
43.290434381399
29.9730466213077
24.5051648234949
30.3451709332876
7.84460723805341
24.2900257580914
9.44366387557238
20.6579149156233
1.82480579075875
31.6101509379223
15.3647936531343
13.0129242886117
29.4297419494401
9.25719157002505
23.6738548914515
18.1057713343762
25.7940113660879
21.966879372485
14.2928644162228
4.79466567048803
24.5402354630642
15.0162245845422
2.65180261339992
8.3550633280538
53.8685436143162
21.4822233785661
5.9698456316255
39.6154454312973
41.3986115017906
44.564223731868
2.24295328371227
31.5977962454781
1.7066661384888
27.5350467421283
18.6691948329099
14.8801330942661
19.4877973990515
29.2165938299149
25.5778874270618
7.42407253710553
20.4011023743078
28.1072419602424
17.7125551272184
2.10796692408621
16.9388505164534
56.0943247983232
6.2160641768219
23.016312999271
44.1424491729096
5.44377049166788
27.7882394148037
33.8497464331053
9.98494488885626
27.6497391168959
27.115311473608
26.8997111706994
17.2059795015553
55.3261941531673
36.3536523655057
17.9343674655825
43.2802979748353
22.0476956614109
17.487425589934
30.2492580376565
30.3824662114494
4.56068362821116
33.1153412116691
24.1307961987332
33.1606600666419
21.7551799723879
7.5924473349005
28.1390551546418
36.0989497276023
36.1518050194718
29.9110874319565
27.4726505740546
35.5405324953608
14.7451821423879
2.32551281806082
21.9145668756997
25.3496622317471
20.5990412505344
20.125224662479
9.39570419723168
26.6357927466743
6.18553250557589
25.4732159664854
24.6484387316741
16.0197746590711
12.0093642617576
11.8209602078423
36.3151494837264
17.1423137508384
19.5975291750444
25.5006278166547
13.4903204161674
31.9571110303514
13.147953664884
3.17771734170863
22.9656963492744
14.7975874337183
3.97718790879842
54.7987468307838
18.2091047172435
36.0483223921619
16.7022700480578
14.2944746185094
16.8218708131462
2.95977899804711
11.6119426751829
19.8928274330683
8.03993965853591
0.816827399180517
28.5086162669784
38.1912636863445
0.030290681744571
8.06157813935793
15.7570519950241
7.1173754224706
5.17376705254302
15.6542114564218
44.3911354523152
37.6933600055054
36.7444835719652
29.2752830428071
16.1244492046535
23.0976105667651
10.843271417688
11.4146846989577
4.48853373981768
25.2470325795002
44.5346040697548
1.80248043034226
8.28460708421447
42.394439227781
1.8228255212307
13.1624193197336
22.928434307687
19.4778442386176
45.5292038968764
39.0850107651204
6.51507015572861
8.25503148371354
26.9786637134079
35.4085472645238
2.37264091419715
5.98259416916098
41.0611890838481
21.6182808948004
44.5060700130576
34.1203292482533
17.3394450685009
24.8868856739234
23.5637189168971
19.6899376460351
14.2060186481103
7.89407663978636
4.83776656262217
10.7262019415711
42.4994225613773
14.0758705577734
29.7000077553093
41.8108495068736
16.5523238626408
5.7664797226768
20.6737174303271
30.6161324842833
17.119352472946
48.3296481755475
13.845989771653
25.5297906696796
5.44056360376999
9.85604047309607
9.71674668835476
9.42427827976644
30.0378245087587
37.448887175433
18.4791893116198
20.4099917900749
12.6502374769188
61.4043193054385
16.5466439664355
23.5507430625148
53.7853324203752
7.0544688108738
34.3621761421673
27.7060952503234
10.9165702597238
42.7437104517594
9.33538237586617
56.6378469229676
25.6980513529861
21.0486224386841
9.66421741759405
24.455287551973
39.9261955171824
16.9347708728444
15.970719565852
5.52691979100928
10.7168167014606
33.3105862373486
36.466610559728
11.0844954033382
3.17557464123185
0.0232798158141748
11.7539205122732
29.792417655699
21.7271886649542
3.27341389750888
12.008158955723
37.0113285025582
21.8041029448148
16.5315914426314
8.00830445950851
18.8636692807227
2.55297227280571
19.2975781974383
22.0019691845129
7.31938349781558
29.6248948886239
16.4602105505764
24.6223099050088
21.1157004567423
38.9618995953173
41.3998505405163
33.9517692154838
7.85424374043941
28.3233869122341
2.59835855104029
14.6613021817999
33.2387931412086
30.6050046347082
31.8757437053137
21.7443957226351
24.8185245436616
5.19082753453404
3.8648639456369
12.3283480585953
1.87439637070734
8.48888421757087
31.6856446443126
35.191977629438
37.3844404239208
35.9115077299066
30.6934822810274
17.4977038986981
20.9094990385572
7.97417903808958
27.9725941363722
19.2447601584718
21.5353232143085
30.5497497902252
6.83342735283077
28.7611555540934
29.5147867733113
8.53544037090614
6.60243516424661
28.7792636663653
43.7940858973569
13.0011995018056
7.66180082487161
7.82727840641706
14.1400037682615
12.9619716721514
13.4698185760747
8.1854205345735
26.1804622850687
28.6094095790759
2.82733980566263
14.8265574340891
10.1160667254589
18.7082414049655
37.1684277453076
32.4291791184805
11.6102450568566
28.7351282313466
7.84025482160313
15.2553538304344
15.3168179949927
24.6015584561974
52.3756099282764
18.035126500763
2.87630775710568
16.8188692186959
19.919477471515
22.3239828422748
16.5277278640849
14.9780455976725
0.915634504053742
5.92102068582579
4.74232001376077
32.1396608036828
23.1099661905318
41.8141952832229
32.4362124257804
45.9007960744202
17.8797814296558
28.6775911226869
14.0362247386273
9.54081438248977
32.5513717834838
32.053429633379
19.4024495431222
23.1743832300659
20.3712900597999
30.0032462109812
43.4388343710452
11.2691102559529
15.8614219399169
40.1101259688253
35.0473819999024
41.9995646225289
13.8119901530445
1.51788262883201
40.9705856000073
14.3339126952924
20.7681619212963
36.7642493220046
19.4463124185768
27.252812510868
28.1915935920551
6.40602012677228
45.9235665621236
26.9193658023141
46.8655829899944
10.3346405085176
13.5974286822602
20.5442795413546
32.9850279958919
62.3321411549114
7.85937317414209
4.04804787831381
13.2009978938953
15.2570767677389
30.4925956297666
22.4615315440906
0.914113404404717
9.13952657992166
29.5429666875862
1.59609381807968
40.3532401560421
1.97674039172821
38.921159633901
19.2717727622949
4.66408609868469
21.7811994953081
1.53249220285184
36.669600289315
4.70790943230739
12.7739782910794
31.2647622195072
10.758304852061
29.663453460671
4.32596013623234
26.2317372253165
39.6048274706118
37.2606334634804
3.5485562402755
17.5917247543111
14.4307324080728
9.04292851919308
30.169915757142
15.3400332783349
37.6620199971639
8.41714634739081
17.2949481009152
1.04882657605706
3.91653354745358
14.1777104581706
37.6495735836215
43.1665391489839
12.0201753199618
6.04590464898304
40.0699885212816
12.3737009125762
32.8053701086901
7.84299458609894
17.9987598966795
20.2032605232979
22.1231215021004
33.1410213839263
30.7783348252997
2.84480612026528
35.8982114703394
12.7128040185198
19.2826447892003
20.1602212619036
22.5942909601144
8.30199772665213
12.597601759329
25.2177023794502
41.1772700026631
18.1008174577205
3.5137758241035
10.6146500911564
15.051688067615
21.2341436417773
6.05698302388191
26.5677390852943
25.3211946692318
6.79892837069929
3.83205997059122
34.9400266328608
15.3770650274081
32.4626946239732
7.91811458363357
16.8942047102331
31.1277266009711
7.44713992070681
20.8049362408929
11.2934968201444
12.5174287240952
17.4542106688023
18.487188263586
11.0827198854769
3.47680137089516
21.9624355668202
13.093238172587
12.8455247613601
23.5066194436513
19.7321535239297
3.17672009786013
24.8819898697548
21.2478817556985
34.662549442146
5.55302967677795
19.5744969532825
20.496075779288
3.96270051808431
27.7726437504778
26.0270092403516
23.7242285965002
44.7100455639884
5.7555545354262
4.29672001620438
21.9273457343658
21.1438118841028
5.29484131987256
8.80351033993065
55.0764233339578
20.8095617050059
31.2643421930261
17.1460785204545
38.792026694864
60.9781539533287
23.0020763701759
47.7125379106539
24.1109571652487
3.52531159296632
3.32175887888297
15.4049263219349
10.4186795074386
20.5694129108451
38.9574809702999
19.864668801126
15.9616899438192
35.8751670470697
22.4150709109381
8.54005792643875
23.1223595328629
29.8761428648926
26.2691529933363
20.1927001471631
35.7281076721847
24.4956614333205
30.786292611317
26.0365079548097
2.41338240242007
18.1284194113687
4.35506494250149
19.1871318384074
17.3182455279661
24.4278023682291
26.9801277318038
17.8121738135815
31.5058181295171
13.4383667609654
54.3785550980829
26.2174917152151
20.8933885442093
38.8727253302932
8.58992332359776
13.5909723259621
16.0251597408205
8.79783439449966
43.3167539886199
9.45291424179714
6.88973291859756
25.5506946705282
21.6326844051908
30.3488317877054
37.3937650001608
11.4976823628074
38.2130830548704
40.0628896895796
10.8434671586165
22.4867418291979
17.8768160417517
21.4346364247914
8.12475255224854
40.5134123866446
27.8001645256022
6.29745512295587
5.16122876433656
28.521531377919
37.7886126516387
8.12323385616764
16.0489883855917
30.3469951613806
23.9799827104434
1.04448432691875
7.0329990121536
15.4879994385502
35.5001232237555
22.5942270481028
7.22912850324064
20.2112547942355
29.7494478694649
12.3038466554135
13.6325286112688
9.03747777920216
48.5289604985155
46.3590486324392
37.2881569619919
38.8732255669311
16.6713798983721
36.7454663975413
9.2014642432332
16.7395737371407
6.74019033915363
14.8391692200676
35.1897200795805
36.9625559578318
41.5594363003038
65.5616679578088
26.6380698982283
24.3220921398453
20.9403075471486
6.06128631933879
19.641079262158
18.2439472409897
26.4641966588283
38.7564451666549
48.3451531617902
26.0088520590216
9.52841551043093
7.54323330427224
23.8335549584929
64.4367962377146
15.2359693311155
30.1226008450612
5.31731528462842
28.7007065489888
30.3898349645335
26.1124113969095
9.69488311359838
13.9627444050129
4.22559143833237
21.7312351917462
33.1122824082513
51.2673332705162
29.3713815626688
5.64978999318555
16.5415781435957
13.4358796045799
11.8859059875831
15.6163617502898
21.6372656868771
28.7764877430163
24.2706034332514
29.2516888584942
22.4598356871866
16.9921218184754
7.44309031870216
18.6657074955292
17.292368891914
12.1365145314485
34.0770417824388
16.1063913294288
49.4014285073726
40.3799251337419
13.8454998050167
33.406546281185
9.22644435195252
32.4985581100918
11.8635219565396
2.8134326566942
2.27741786511615
1.97904568850346
17.8165744291618
25.0349395209923
48.9406284759752
25.1728340605561
14.9315101170387
29.6561802970245
48.129836388398
4.27820346500609
8.82889536911662
10.1164935622364
20.8516731509008
16.7241995804943
20.1578978505745
18.946622926567
18.8374805729836
23.3134287409484
16.7078651359704
37.3368152067997
31.3219432402012
32.6942793908529
12.6755925593898
33.1283517880365
31.4314728879135
34.3838255503215
44.7442603181116
28.9635505629814
21.5441249392713
34.3128452823481
39.9440149194561
7.00633988288628
28.5154095443634
12.8693577717058
32.9561359377809
16.8392321211286
33.2725570187904
16.6583649115637
6.87171045034497
5.08758659641049
1.92351918667555
6.5672558815583
18.3310342886711
39.5505827618763
3.5964313428849
31.8487660601259
22.9886087082003
17.4244593812373
22.5824080531678
0.400016608182341
1.97579319768324
15.4424685752019
39.8575246217661
30.1397801747743
13.3497366332449
4.56431354014158
30.1359806326218
29.9602989365893
8.07926926063374
30.1981548545882
15.1109280112562
20.5655444426156
16.1438849172555
38.9296193025075
4.92035376373678
15.8408360287686
9.74814407527447
39.3262795405462
7.25611644334665
1.64949341273127
12.4145377338976
16.5187793900259
38.1450245267754
42.6014913828112
25.7477390696295
3.40386206516996
16.6341086733155
33.2838189209713
25.8185355341993
12.3018131496132
12.1988999308087
28.0362868215889
29.0432479814626
44.4455874967389
34.13824350663
12.9051765833606
20.5909990545283
15.8428180147894
25.5790926748887
7.73547729477286
0.796631930247634
2.19623754728406
2.34388402896002
12.3333905939944
11.5890231099911
16.4879180566869
35.0098145175069
41.9662729254924
37.2606345124887
10.4142683465191
15.1606904066731
1.35296156040695
6.48220202007649
9.80900251306593
17.4901599863005
11.6982798208483
54.2933588019641
41.4120263404049
41.2697794381529
26.209229342665
47.4520843708888
6.46946596902148
40.0689136372269
35.0471271085553
47.501053661108
26.9857450242855
5.58866164647043
27.5645638466813
36.0367769608274
12.595250736922
0.801573332864791
18.257224808505
4.24456008477136
7.09303723789671
18.7495345016941
39.0953377578068
3.15518310526386
41.485384455882
19.429721403867
45.946289144922
32.9540764214471
39.8337264835453
6.9529699976556
20.3879332635955
14.7830824519406
20.7678322913125
13.8118357281201
21.1769343586639
11.2929444294423
9.46430268020563
28.6390842520632
13.9107468421571
49.9502025740016
35.6859695906958
15.5800394713879
21.3602521107532
0.946656102314591
