"x"
4.36637257225811
18.9262631814927
0.671994453296065
0.0313688525547375
25.2916932458309
17.6072733011097
26.3260946171973
3.8021091837436
29.9388859421015
32.8876791056246
17.1692376025021
31.3418000972992
22.5740287918597
0.481814050350577
11.4441907990943
14.200236601755
5.9432995505631
21.3416056090795
6.65065068751574
19.6998874060941
21.9922828630628
30.329737472297
24.4062113109976
31.9369095216002
2.23388145677745
28.7991379853338
18.0202701594681
30.3097756113857
24.2216970997311
0.733671730461339
1.36969080194831
0.760852824896574
0.31246696336133
10.2691411442014
19.2046331537806
7.58880673488258
1.03045737422396
0.486656030941237
23.8766467664391
15.3933606110513
12.9833073647746
34.4581288751215
2.42958938818593
21.9470952779068
21.0555646102875
22.5718594156206
9.61145488545299
12.0203675104005
21.6780976392329
8.01876517944038
15.5320683959872
11.374982487542
0.269030034542084
17.309523184695
12.9308414179832
0.715519140788843
17.4814959396526
28.4185940399766
11.0436657635407
2.68507918717936
10.6455762404948
12.6999164465815
11.4164498532502
5.55125270038843
11.2963926197156
9.98934614472091
20.1275704428554
2.69722010350476
8.26571225188673
43.5528978705406
20.3956824135526
5.8692516759038
13.9066779986024
5.04602328874171
12.6167498063296
23.2080794405192
29.9117027316242
10.3140743206179
19.0185334533453
9.42526217550039
13.8954472262412
4.179293429479
2.09890436381102
8.44255540409735
5.51070479110248
24.8774155508727
26.3106169504711
36.46224536933
20.3436965440139
21.3012738153338
15.4996700481082
6.37657516635954
6.77535548040208
29.3823826869683
21.5284167323261
10.0936106871814
31.582740182057
10.9391063451767
32.0647147632864
3.7078632749252
15.1648656456084
27.9954673722386
14.2813437462737
33.466031961143
1.61838249519792
29.0935934986919
10.8839760736129
19.5090883877128
35.2704847999904
6.02896767668426
21.5906979050487
6.04552822039615
38.4089219849557
7.48555853722951
9.70541485585272
16.6072065082936
33.7904687046038
1.90335733750217
37.4786727071935
24.4982475655591
32.0890360977501
8.76486429316303
3.11103467829525
20.0176969636232
3.64157669246197
6.48250702329683
19.7699947985187
36.6378682665527
23.5358122270554
9.53389769255765
24.6931793633848
16.1305676680058
22.6137914229184
16.2490075244285
29.0289779193699
6.11023636670292
14.6090531564059
27.9377841484536
14.0900362748653
3.98407050521216
19.2697758320719
33.8562098331749
9.64855806848572
28.38188810274
25.5016144365072
22.8127989452332
8.7989954277873
0.75718417195247
5.06023506264921
17.8137534466438
12.519439868629
5.2031354047358
23.2122889500811
4.03011734597385
21.2814627956464
32.5574945192784
30.1349367480725
26.667388016358
5.50359238519581
24.2422945244662
9.34192291460931
19.0484461374581
0.38673528470099
4.35468821509812
23.2341436678415
30.1902040373534
3.06670107563592
0.813933229073882
19.2150767426938
5.52847739309072
7.29185179807246
25.6238208618015
10.1702018694974
24.1549619473517
0.258236424997449
3.09736486524343
10.0238276463672
11.0038981772959
16.0167264286429
22.6991911884397
13.5132302064449
9.95138185098767
24.1178710013628
13.9342988375574
22.5759752560407
26.0239119641483
26.5661649405956
17.2232830440204
18.4664839413017
24.0847548935562
9.85147436149418
20.8753580693156
16.0623181145638
27.9491279739887
12.3368437837798
8.44642058946192
46.7474635178951
15.826195224614
14.4939370453358
18.4119686018676
21.5178837203577
29.0874667150444
25.7918108254671
22.8982668370008
8.5742614697665
4.38901932206298
7.11832302622497
26.5260126441717
10.7206006685437
32.7212581876665
4.90743024274707
29.161839094013
23.3959985917529
0.170777691528201
12.8010988235474
17.9505601990968
26.9785504406764
30.1606727460857
17.3785609193146
4.51807315807427
18.635313725099
5.36266989074647
16.4824464249564
11.7367872968316
23.3019904233515
6.85428762808442
7.53913382068276
8.69801011867821
15.1225096891118
12.3847818467766
13.8691755477339
10.099513689056
12.4468761606876
29.3820984195918
10.1244053914635
13.2932270937171
11.8570937623123
12.039289007075
6.83087476520442
15.5297162011266
21.7032813467085
13.2912979027569
9.16328341700137
25.1806350517002
22.3862600690184
8.8547317776829
21.0504137445241
15.7373220194131
6.15145122802538
19.8748820959692
34.9219623953104
16.767036402598
17.446545464918
3.08579369448125
5.99179803393781
10.56451741606
10.2744329255074
17.6115036476403
20.6630089003034
25.443592434749
2.22759302705526
7.29271448217332
19.1717971581966
11.2196213565767
8.80819815210998
11.409180238843
21.0182452574372
30.1720383322502
23.6502031330019
21.5104752220213
26.5624282881618
9.51416436582804
10.1256419141229
3.03080759173253
22.7017583760955
11.6586910637648
5.4748003490962
24.8493762221187
13.3914083242416
10.3068803437054
11.4361464977264
8.5139790084213
2.84224856185705
4.61742621846497
26.9517166540027
18.3652572065604
22.5757671442495
0.344863698878486
20.8007300272584
28.7733803968877
13.5655337013304
3.95327442737001
16.809252784123
23.3057998586446
22.4796467460692
37.7201826777309
3.24800874634121
19.5998127169998
7.95871037989855
16.9383550843214
6.47010183755331
34.9150045774877
24.6390377636999
7.94549432361626
5.42838203503486
6.85999575071037
33.1519451458007
25.2153601963073
16.2351448787228
17.0156931970268
29.1775026358664
21.0088200312711
6.56120181083679
21.3183440733701
17.7696051076055
3.32018555793816
20.6115230917931
4.71156537532806
19.0869584603498
4.51902922430932
11.2456579692662
6.73560490831733
2.36146622337401
16.9490441214293
44.7203425690532
12.153418471794
34.0099723543972
18.0090421810746
29.2289956007153
18.2708408217877
34.2476684600115
10.1299398144147
24.1895219311118
4.00173887610435
44.3625583779067
15.5263923261251
6.14783498458564
26.5010836424272
21.0909963296306
8.56823739595711
29.6851013787091
32.5953256170158
5.19873220473528
2.56834914907813
7.00346428867206
0.78380572902654
22.8889310266823
24.9802189413458
14.929805026545
25.4160346941326
14.5563012525343
4.12662923336029
7.21650728955865
20.4377162922002
2.58123310316701
14.7236162004951
10.1479879712686
14.3024078667666
12.0718471705914
18.6672241427004
12.1845237445086
36.8709598202258
15.0525589939207
12.4665145762265
20.3838828445531
26.2121609412134
33.1292754805487
4.72257517865353
15.6502109952271
8.16541027962815
3.93647941592362
12.0592622552067
23.3127947431058
6.86796197222538
17.6336497534066
16.7627080887601
8.69460562244058
18.2636754474769
16.2176930811256
13.3482762291033
17.0397277034116
17.9786322172731
35.3599735743621
24.6290217753091
1.52811914917906
10.5523053091019
10.8632626011968
19.5927120599869
28.6888004280627
12.2902783565223
4.04448807814714
19.3038145557567
18.3031346399633
18.7401788309216
16.6869708802551
25.271583488211
24.682359257713
30.4189188226597
23.5380973201245
15.6710537929312
7.61116682551801
28.0605346430093
4.34198309667408
35.0203942041844
8.45754258678352
3.72132176191105
19.3235543556511
0.193301914259791
24.807684449479
16.8497522361577
20.3568436671048
5.68815846958402
6.09009293665484
31.4119357645342
7.96900705560201
28.8240810945496
5.34386896561408
25.0643363183499
16.2349613829497
4.94200052151666
14.7219058591872
9.79783423244953
34.2441861517727
17.8386704064906
18.2292763143778
19.2508003208786
17.3988050946147
23.0606600019102
6.98419837281108
6.39189482550747
15.9176318906248
19.5900730788708
9.75136496126652
20.315494062379
12.806866302149
31.178987165913
34.0458965394646
32.1782488375902
8.10272647067904
6.2484332951762
37.9450634121895
7.16479029506445
21.3200515532586
40.6109589152038
10.9098110347986
6.26600026153028
14.0487844124436
6.81171475630216
18.332054046914
0.754368649606446
9.66458690035194
7.62409631273246
29.718827502802
14.2568147275597
28.4415997099131
8.58775144557256
23.61758458524
23.3950068108172
19.0274985836475
8.70501428217593
32.5230654329062
16.8144566403267
26.3929711654782
18.6249494552612
14.0673178713769
26.8410176313375
10.5694555230364
6.0938211157918
2.86332340911031
16.829707737382
16.6552322098221
2.03171828761697
27.6418187189847
25.4759336211872
8.21098601445556
16.9665829152999
5.07721164937641
14.4988846965134
21.6032301075757
6.13812163996121
20.4557442571968
21.990081381805
21.7374877012782
8.938048588242
20.913023268804
19.795472221449
19.9824339231137
21.0016861092299
40.1732225436717
21.308393761776
32.0796788670123
4.43395879119635
38.5952407494187
15.13268686831
38.239998742938
1.23384678736329
24.4392766881465
34.6171311383105
5.3481139958837
7.38588531171043
35.1699461694807
15.4067174997181
26.568370545283
11.7600832751038
6.5221198713027
4.2666045948863
14.8390778340399
7.20589784225582
6.86079896986485
12.9161710545691
23.389743687585
24.8283685491191
25.7545176427811
15.2665265160622
14.5903816912323
8.01105197304553
19.4520273032461
27.7954024189301
20.9362092893571
4.21233372762799
22.1127179451287
13.9466805849224
4.65873643435126
15.0624540634453
7.36663557224543
5.47145842574537
16.9834174681455
8.76013287343085
4.35627708211541
14.9372829392475
37.012637546286
18.3640868682603
13.185301512957
8.90996272844338
9.36972796220658
1.71030233841463
6.91294576972723
13.0345402561001
24.8541044042123
15.2584226801991
23.2024514582008
7.45107098482549
0.678311911070936
16.7849480174482
14.4349517300725
33.4556914865971
14.9830962065607
6.76514572394489
39.3700628075749
18.3820942882448
26.3416601585484
21.750031830743
25.8174871094525
30.7115221022993
12.0383828412741
23.2184126973152
21.3014095124159
15.7964569668195
4.00787294103454
25.1355170272291
22.4580570589751
10.9895460011609
16.8414666371336
5.27940326935119
6.93836510431943
21.5044564292671
32.0813002064824
11.4366410373873
9.64118610136211
32.9462565481663
26.7686151899397
8.44622686886347
17.9633767344058
12.6233544227642
11.2560551613569
47.2230158280581
8.839226141572
27.4036795965316
22.3976264242083
13.6875840835273
6.8695329510326
32.0484582334757
8.18552793934941
9.28745124953742
29.0348291397095
28.1797988340259
36.4945740438998
9.30287575574679
0.733249302857104
12.2330044861883
30.2599608564216
32.2770900093019
19.4985213395737
21.9056341797113
23.534412169829
23.40341899544
16.7626983951777
11.0773691438925
23.2238136950243
10.3505498729646
7.69812571816146
0.668937149143468
25.8032411158636
11.1467461198534
22.6231417153031
26.7219788558286
11.7388936225325
19.650100171566
17.5520531833172
7.71812712773681
7.85243207799951
30.8789766393602
16.4711675191611
30.1682554651052
28.8067468442023
2.5505191180855
8.90202661976218
14.6152745001018
8.10206627995379
26.0134574957192
37.9549226723611
29.0227791777176
14.7538866767245
22.5787988398224
16.8384663295001
7.58003476075828
24.0002233535051
15.3132064733654
6.14235769717456
34.377714432776
15.1569737780617
27.9784406535327
10.4036905802786
24.5275988199553
0.0758195295929909
20.8684982266277
21.9429743211203
9.33057570957129
3.4586827610248
27.3515134584159
16.8600945244325
19.0113163087517
29.7725123353302
29.2093773527185
31.9918738678098
4.3202071160739
8.575617549534
22.5662442855537
13.2857630960643
3.10466021842007
34.4212444964796
9.69108427097273
25.7950564458708
7.8969654161483
33.3324511069804
7.08280354738235
18.3665063818746
25.8735968265682
18.6567455678194
18.7943672362372
19.4141723834789
6.40503686701237
0.0461429357528687
20.3207202721387
26.7237854190171
28.8741398602724
9.90024250932038
11.4188146777451
11.651579884391
9.2013718560338
19.2731044159085
9.93188123903065
20.2578209095426
30.8539716992527
8.40632035396993
12.0901850698798
11.2937364175342
12.1105925645679
36.1734366044402
15.209070422885
6.22341688722372
6.21979044420643
4.95727108791471
31.1858105342741
28.7965259514749
10.7787569519132
33.6329291574657
18.689116416499
19.0022604074329
0.0775562599301338
13.5089990217239
25.5342667922378
4.25195572897792
23.1672914291045
4.5657365482479
5.55927071580674
3.89538917679638
6.72228280454874
18.3183296117932
29.862050851807
31.3763662466949
20.0839086994813
26.8183500971645
8.79130372777581
19.6982462890446
16.1426698789001
21.4882872533053
38.9889868441969
14.3053078584949
18.1512484326959
2.57153503685767
14.4002294956683
2.46832368360653
32.1968260686845
5.13089578598738
12.5320713760482
16.5873030200601
9.5940218659188
5.98179064691067
28.2600279183069
32.9729049932212
29.4846798758954
3.86949968524277
11.9258815888315
12.3126395978034
5.53308218939081
25.0245669391006
3.75409703701735
26.8880892079324
8.24015904996451
16.9708690989751
32.3376301891469
12.381319468841
11.664826729902
8.96767886272801
4.28012716583908
9.9368545692414
26.8628377933055
23.2859082054347
27.9979801385421
3.83196617476642
11.9159884750843
5.17854571337416
2.07183617167175
0.522869204182245
2.85335020162165
18.7388946565155
11.9400952477008
1.59912691451609
29.1272805530554
36.3262822949319
6.7796248011291
27.0884832367301
17.5287694537588
22.9388116591951
30.2223877515644
19.7647536639124
8.59809628203157
20.8285897504538
3.54331553037072
18.9917411189526
26.345252012834
14.7218384056517
14.5870727835805
12.1706721372902
2.13450323790312
0.496083469227835
5.65487518906593
6.32257112301886
12.5729272142053
6.76021691773777
24.5972220869445
11.7045873912576
12.9643718920809
5.16453543677926
4.47673853486776
36.5315273684913
0.00436992682088444
27.1790306276915
5.65704447217286
14.8343566805124
28.0765407253057
0.594344967976213
3.44198625953433
11.6939299739897
29.3400122318417
24.2519322808632
0.123164928921519
19.7390270867675
9.04979050989435
7.84968542866409
17.2297799028456
16.4428806398064
21.3839943055063
14.4244138151407
21.5512458017994
29.7777192201465
22.1006571289136
7.77104161679745
3.99809077653052
23.2419510821446
8.88459859415889
15.4339032102699
30.8916981797665
0.473864795640111
15.1036636903882
16.0085982860054
6.77244619284572
11.6073098265162
5.21240976953228
24.3398257555719
15.1210770010948
3.89511043106265
4.57758348401021
6.13682763164277
17.4629301764071
5.62983679924826
43.8501740805805
21.2446006480604
16.9799853852384
4.85708825290203
13.5488269850612
20.1551198746591
26.7260894032242
27.6530298870057
4.93845269449176
25.7954545784742
20.2708962663919
5.5034872610122
30.4951167199761
8.97809793241322
16.4120958652347
16.7980935782529
25.2664012665285
19.8394338600338
31.6311632283032
2.87243143781762
24.1594199415764
13.3092615579513
10.707045204768
27.0297726616263
3.45840724185109
26.2555547989905
7.97590422444046
23.0508516542614
5.3832144010812
9.66005702503026
7.44805713328543
22.3891314147487
21.3761756155983
17.1492022822187
19.6965425541209
10.0028062704951
24.7063956649017
20.2630443498492
12.8506245557219
18.9563341942433
18.6206887941808
27.3685947060585
8.415058394894
7.00826279190013
32.6857384294271
25.8325285743922
9.764453349635
13.0720535057695
9.69393332488835
11.6260168897397
27.4365016724914
11.0736787969756
38.1025642622262
28.776669036597
27.5091427378356
21.4376359835533
23.5037903301418
25.0248589552939
12.1187944896519
5.36519533820132
16.2966069299728
27.5001119187384
23.0595132801682
4.29839398746101
18.5707922559232
0.51809074357152
17.085740051231
7.14049799596367
42.2405186118745
15.7356454525143
8.84819283846278
12.8900667652488
20.305954432115
31.448100367561
14.8955596145242
9.76511761546135
16.746885003522
19.0321831484272
6.91139487299934
10.6530178196798
7.15558864176273
24.8559541068971
3.60829350538552
0.163619711050984
12.4628684063693
10.9971242797572
0.992612202165349
1.61577742007097
11.8001279421151
18.2081205770373
7.42790764197707
36.4210918545723
31.9472298491746
22.2213312277898
21.921107545495
13.7138179969043
28.2606967660483
8.2444186322391
42.9376884829253
14.5149355754256
25.6573719015048
10.5208643575768
6.87208110466599
21.410707058385
25.3098242259308
12.5577367842197
7.72640300115903
15.6755109004176
28.7372505757958
23.7911570134186
31.7833641078323
10.9066537115723
17.2915356233716
6.44795912664687
26.4912050683051
16.3612372511149
8.09275528159707
10.3136806519818
39.2542061467988
3.08667011207592
27.6183720072595
7.10690534248065
18.9359710551798
6.88275289721787
33.5038740965334
15.7382350880653
0.264056585729122
16.7346796486527
2.32976721599698
3.97401289083064
4.1871031280607
25.6221415940672
33.3544082473963
21.3030408602208
3.66289051054634
9.37064145691693
8.11555894847415
19.4909255485982
12.2655911371112
13.7790733017027
15.3502725505575
37.0232540648431
10.0137076204727
15.1506434194744
13.4702834401025
16.262399032712
8.54475358501077
19.0084434580058
15.8053350169212
4.70259768559215
16.5199720300734
20.8915151655674
38.3449803106487
5.37729710230636
33.4633555263281
24.205796004808
13.6956622824073
15.1664601222033
28.5064001076726
18.9023033715785
18.569475505501
17.1111646108329
6.74400329901125
7.56391924805939
10.3460720274597
22.359936252799
17.4784973249982
35.4661652352661
37.2594313696027
17.493583355099
17.3585016280413
20.9251605439931
21.3580630254
31.2369721091685
7.25430911406875
19.6332413701269
10.6672763358802
6.19231006130576
14.4012459553778
18.5817730613053
3.3911215378721
5.68377180024981
12.5867259223014
20.8658908493817
10.7880104471639
17.2945355530828
29.669705638662
16.7821810115129
12.054998682177
31.9103953894228
6.82241793402284
12.0151152368635
2.08415002562106
34.8792014177889
30.9365766122937
12.6438970211893
8.90295189882481
12.8830144181848
14.785824669525
16.6256530301134
21.2692988105118
25.3951721284954
20.7606189361461
14.9451963356739
2.08167075179517
7.5142381247133
5.13584351955863
15.8119671046734
18.6194238348025
2.62834153563188
17.9358503781259
7.06600998528302
5.75177711579015
12.1228450909257
2.31693745590746
0.136936327037017
9.22279823571444
10.3895048334294
29.4367749243975
7.97628271393478
19.7142489279069
9.23804533667862
10.3003066666554
24.1466698702425
17.2429927159101
11.7404294200242
0.501702725887299
30.1391851489802
12.3815252627402
8.92739208332481
10.4641850572079
7.23787389313651
5.5835502567777
25.6055742563462
17.1742397360504
8.30106170051173
22.984659086759
31.6646531689912
32.0139219551831
1.64203253431097
23.1334720607033
19.4208178669214
10.2463219314814
18.4639151208103
17.6242411136627
7.64634599909186
28.2975493464619
35.3920960333198
8.7551414379788
17.1771100256592
12.5803725471766
0.376336516232707
23.5979829438109
6.03550905361772
16.5309639984437
10.5969960801303
6.95715946117855
12.6439848914742
12.8149472171439
19.3353243172169
12.4895898935953
19.3555402569473
38.2068965118378
1.25498143024743
26.6928407363594
6.10766103491187
8.62916795858232
24.3410580983363
11.7378456531471
38.1727267056704
31.0537583660334
8.03202856332064
17.8149786777794
29.964509466663
3.53349200449884
7.81956751702327
15.9037958830595
18.3807136490941
9.30565942051533
6.73108256599677
20.77348199673
28.2171140890568
17.4267642342013
21.7964692506939
28.2323666848242
22.4932515993714
7.75234098546207
36.1537212971598
16.0530127197101
25.659549748525
30.3700491858224
1.67731754493976
9.74262272939086
17.4612183123827
4.5642136130482
7.61812003329396
23.6305980011821
23.7562132999301
19.3069347646087
30.5231832673515
1.56055839374338
16.9073826633394
5.90918129310012
20.5005799885839
0.748861115425825
9.50394874546522
12.9721343517303
11.6353776771575
10.8732749242336
9.63400239124894
25.4901135805994
3.79495131783187
19.4645859185687
14.6863201116984
46.1369761633567
22.5310974288732
29.3364923146154
29.0268352720886
5.79905372850577
34.3219463247806
14.871832788969
10.7845615595579
8.27168934047222
14.1284869518131
8.30331882762923
19.4876238370857
3.75962322577834
11.3956176675856
18.6732246540487
17.8212671708785
27.6923039462417
22.6599113016319
30.0879264250398
11.7349501699209
3.90270838260068
12.7375018174571
5.83359938189167
18.9548062160611
11.4781359032535
32.4330359697342
26.0708438232541
28.4526274073869
3.52752448449575
22.793987672776
0.513528994976864
35.3338743094355
10.2854903321713
8.74733132853111
11.2866662442684
10.506144704304
23.6669260077178
25.4143215666209
24.6334350342453
8.43817860223695
10.7205671325528
13.2390721701086
8.21175482419268
15.8259369264743
14.1534977869238
30.9034358710051
14.8495665751398
22.1340308431536
12.2520125743261
41.124855261296
15.5999671202153
1.82581094251656
25.8735663723201
19.3967047147453
14.6749110892415
8.63665277860151
8.16608928143978
9.97471867423391
25.9850805625319
5.30664420938697
14.2040542792529
18.9150950871408
31.6280387848964
21.3060005056483
3.60522768460214
21.2306950184968
22.8630479425192
3.64288631826639
22.9250380339542
17.4007663037628
14.8071262565213
22.7962952692732
16.4402437396348
11.3650433268304
9.81631635966393
32.8858703374863
36.3653081469238
20.3840252012014
30.1701605319977
9.29952507774245
24.3857631925493
20.6723459996283
27.279169484973
3.05337202735245
4.4938167091459
11.8881995558432
9.40633504651487
33.8255621958524
11.7905950071213
25.5828818166343
34.0779816307461
6.66763265617192
20.1866024173796
5.59182967990637
9.0573210505402
4.58020004443824
8.86269831098616
6.90760611295806
10.1155621930957
24.2237935774028
3.52816663900855
4.31042141281068
20.8700077867609
25.8488623126669
15.5932267662138
5.98104506217843
16.8325078957899
8.00505571205228
0.469321248199668
21.481014136225
13.0815084092319
4.07807198353112
17.6458263296713
3.1356452498585
38.0883255973458
15.5047371458966
7.00883085414431
5.78497932292521
1.90137217791042
23.39051887393
20.3690950293094
40.2360630687326
14.4366952539879
29.3854759074748
16.9224391225725
6.66706321472912
9.56179923377931
10.5886268429458
12.4106323346496
29.4759831856936
15.6438427045941
1.51138310320675
5.91616095043719
9.11679943092167
5.78418627802192
18.5868253931403
8.29648227864861
4.40035108476877
32.7352877038163
34.2756920028478
26.907334956495
26.9094097428024
5.76307235383896
23.0930301826447
19.9544068425894
7.22359524298553
17.9021693300456
20.2822889815268
5.60396575118307
38.402041932568
16.0162397660315
4.37261426737689
12.1209603612175
7.37524451687932
18.2535283733159
48.9379446953535
22.8241257369518
29.2064188979566
18.1219388730824
0.246339617297053
30.0245388410985
4.78502022656433
13.2700544316322
15.1641334054839
30.6553190899753
30.9518167890076
23.0812089983374
13.870994424495
8.12184829264879
24.2276299037868
26.8724360503256
25.3682453650981
11.0364887064408
10.8155365567654
15.8060921821743
5.91834341067995
9.5494682852875
10.3692112490535
13.7776794377714
6.17696422532352
25.4880351480097
0.720024615630663
13.7355962342337
7.29565513320267
3.58086412355319
5.91537842884805
24.9902249255036
18.1146313901991
23.5003781039268
15.7842794433236
3.73840889798263
8.62848553806543
30.3957875818014
3.72094752413781
31.1690189410001
7.7334166970104
15.0027893002365
0.228547537699342
26.2909331358969
28.1193585600704
14.5236964337528
19.1227683786319
21.9737293198705
21.6695236507803
12.4634561594576
24.9150414460957
0.386360356128264
29.0594448335469
9.45866290857081
10.7077188324183
29.9898817878274
10.4523920787177
18.9725852571428
30.7552161626518
10.012373700738
43.9074985682964
3.44135535361905
11.1142998388636
22.1906447471152
25.3702237736434
23.623365117237
19.1355544608086
20.4389847349375
32.0254307067832
14.1349248588085
22.1669680470507
13.0743433255702
17.0632195682
22.4765241611749
11.9973400607705
15.4557234141976
8.86615505442023
21.7001857057573
6.86043670889859
7.72056268736501
13.1020006258041
10.0010883063078
20.918137921108
11.2749719816218
10.3580112103373
31.7340743727982
6.95545542985201
27.8703903470379
12.3589958064258
2.73102083183406
18.6483120084852
27.0380706060678
32.2980383876711
14.8603288143917
18.0598806199298
19.0605862997472
10.8455282635987
26.8543911325062
27.646765159443
1.39028369449079
25.700610363856
4.36424491927028
6.18480654739769
34.8033064661038
22.0910328906029
37.8684463910758
9.73895960487425
0.256533268839121
21.8582665082067
15.3398113710002
9.41466614603996
22.6530706975609
22.070435956078
0.269006336489021
25.2872562308896
22.183720394969
0.464758594331992
2.30549885891378
25.3767946269363
30.1065610721707
17.4185177211301
8.67797280661762
8.82129097021171
22.5270725627024
38.4215058306741
25.5175063852221
28.7304897452459
27.661628480963
20.4089682498981
28.9555471856147
30.2068521734327
3.29883412211999
20.5789340904441
21.7406575102359
17.3411484310357
24.4473899248987
1.96549925426912
22.6888386998326
17.9540852550417
24.9667653348297
17.5464593339711
8.85557372595967
11.9544032495469
15.8630205507282
11.7758126929402
12.4571791384369
24.7924744196721
30.7381764368506
13.4746011424448
19.034044460476
2.19725235365331
16.1729720421135
18.7761916778982
30.0811166409403
10.9637767076492
11.6083318833262
17.71249496378
8.4521509706974
22.1470603253692
27.8039951808751
33.720201104392
23.2356573920697
10.8684614172374
13.6982241179794
21.7298866349922
24.1110388655216
19.5426643826067
9.84135577455163
29.6398736711738
2.24417089484632
1.46548803895712
3.89819056726992
16.3373575114444
31.9911364931613
29.4097192585468
31.079408666119
3.01766009069979
31.6324009813325
13.4553773699718
10.4763883631676
3.80630299570132
13.4271901566535
0.0834840815514326
24.0259774494916
27.4655414119232
8.27462687157094
9.38772583121272
18.647546619696
18.4151374734938
13.0188850326021
21.5968585581199
27.7291880920529
9.18540105172839
18.8303278759122
1.46100373844812
15.5127738602459
18.6760724987835
0.630970112979412
22.6475225761533
4.08547227270901
25.0281614258454
0.775174563750625
14.3110605422407
4.34949202463031
26.4551452361047
7.4528179044891
22.7418449241668
8.19596353623885
12.5447156373411
18.0438875220716
23.7398712895811
6.35566608980298
4.08435635162357
12.213566804625
42.8291570860893
12.3248458553655
35.9367706530839
23.209536513485
20.1852109283209
14.1370739307799
13.0017356015715
28.1721656676382
26.1961440081322
14.1483407649095
20.9191571053702
4.79165748693049
3.43181371866664
17.923521110788
14.1530359166046
14.1842524986714
15.6268703831484
15.5406913431772
15.7237138599157
22.5628202183028
29.2227649129927
3.5497669596225
13.3732962731571
6.52232431496613
0.927370255841865
6.05215053074062
24.8673672107893
13.202955480665
22.6905143819749
4.1359942731528
17.8084374871105
19.5423529483378
19.1203765105456
16.9331343955679
10.917426738888
0.326841278001666
11.1174306832254
15.7334244344383
10.318004200235
21.7989237513393
13.1484844256192
6.23343084538349
9.92339523509145
19.3358728327555
26.8721671774983
30.2236268762499
13.1374433461356
16.7912034317851
7.11191816618949
10.7564212060184
19.2214439157397
1.5362403138185
9.78107288976688
16.6373251471668
12.6965989796419
4.50975957302125
16.9444538253638
25.9513646364212
19.082461623475
6.67629127686967
31.8661529705145
29.3827523943037
22.9675569105893
29.0550907608122
17.0094366651028
23.6623904667795
12.2281101997942
33.1670417450368
3.07721509598196
44.5798413362354
12.1590332593769
22.1144544426352
17.1907531097531
1.8229899330498
29.8588075209409
4.5689248945564
14.8166798520833
18.4099590040061
32.3424242865398
32.425053184852
4.36302565298777
23.6659787129611
19.0979941748083
1.00298813768809
4.84229773283005
4.83008460141718
3.24371513891442
12.6475706520449
15.7793079715308
11.3571482244879
5.32653271220624
4.24568941816688
8.67874599061906
30.5726022459567
46.7816028743982
15.7549031544477
9.76237384602427
9.03700424361525
8.07146057486534
17.6321621052921
32.9780775941279
20.0203342363238
29.3747982272919
14.32975390926
35.3949966840446
0.465587619692087
12.5895720906556
0.608656415715814
14.1574408641667
23.1241942383349
3.83340332019878
3.01743191666901
23.8801206462085
5.04844449898323
29.0154897142202
13.6831985724219
43.4530544094741
9.54913925379515
18.3496805373579
12.3912027200696
6.53474502603364
24.9570939689875
40.2453729882836
2.39219074137509
20.2551010530442
26.1564745620897
35.7752940984249
26.3782744080385
22.0896312966943
15.6978038293236
24.2327776299729
42.0664551202208
12.7136415336281
39.8852566154291
12.421115887907
12.0723932099803
22.4384188635535
6.90635596401989
39.7251961898022
15.9729111008346
27.4630591837465
28.1755053438246
19.6737834943078
15.2728068176657
24.523848015815
3.23448623530567
4.30837783592951
25.8605257142335
33.8054835796356
27.454078104347
17.4198292720963
18.556567421183
19.0240717027336
11.3082606001999
2.85070511868259
24.6925885323435
35.6568638700992
7.12980427545697
23.2209180947393
9.10422731488288
23.1354559453464
9.15652601979673
18.3483684435487
29.6275964472443
33.7423935998231
15.2158810757101
35.2437858260981
14.1079048326537
26.8715591169894
8.03853617981076
1.97989789483987
28.2352720468397
21.8758348477511
20.604127086699
33.4940346889198
28.7420684471726
33.3184907862036
27.266089245677
37.0464400862107
29.4434120878577
24.9500062316656
6.72106125985991
35.6888494495326
5.33291883766651
4.80995657853782
4.73899985786556
15.8819578122348
6.68391594663262
1.47800212725997
21.8400699884133
29.5585921499878
10.4262838417891
25.6211319866194
19.5974883623421
38.0004940088838
20.7301995251328
8.45132782541459
33.3694867789745
14.4112210255116
22.6674558129162
18.6150778550655
9.94405057281256
20.1180680595669
10.1351929255963
4.60270675830543
27.5113943911621
30.2246070466936
6.94666760973632
6.94494503357379
19.8121672269652
21.9336178926316
30.6695503572248
7.397276815027
14.1798114358312
9.51122865080833
2.25656321272254
19.1326692101913
11.9547970592976
15.0118639227003
6.31166458293507
9.96897635396092
12.2764243871841
0.933625642210245
3.28367999754846
42.3935427330434
25.5837479606271
21.0891277529299
5.48253593053334
19.3661402445287
9.50722983106971
0.31161829829216
20.3332034261861
8.20390763692558
13.9025232754648
20.1129750270637
32.5028618710248
20.9792263340205
26.2306297197938
2.80327291381673
7.12340157479048
6.68329097086085
15.5131752602756
17.4461760696685
20.7425310276449
15.0217541128876
31.643612170592
34.6471067052335
42.6903584972024
23.0705598651542
9.69647164456546
11.5581635385752
32.5282393489033
6.63252320984987
8.2778639292566
22.6012465078384
30.9256857321122
16.6986874786824
31.2622827012092
8.2888433350909
11.8543459736303
2.66647065005033
23.2148597482592
0.98883849568665
24.3189358152449
9.88927660509944
17.4135503359139
5.87660917724061
36.8713480644968
12.7467237469333
36.2549059092999
13.3861007168889
7.00124278664589
8.60440083779395
16.5641946956208
30.2853131294978
10.8584925615194
2.34971209429204
18.8066099770367
14.1588008962572
9.97630143421214
14.0191625326433
29.3262364342809
34.3788074329495
31.1394389718771
31.8618334829807
24.8109252827727
9.15869878556363
1.34476074017584
20.8185748197138
1.68637978306375
19.7921561542898
18.4507597703487
24.4774105957263
12.7452534245146
16.5338976875488
20.3169402200729
0.797859532758594
1.91070754081011
14.4146301535628
25.6244087591767
18.2140498790643
19.4495365377551
38.4599494862199
4.10157982259989
12.2148796144013
18.6912258155644
32.7981693670154
14.1280824280977
1.99727049029879
22.2716909406806
1.31650304427973
4.7988633159548
5.35350652834794
28.582210071022
4.32053011382256
25.4866980481893
2.31116036090024
12.5090430490673
9.12144538015127
14.518238324672
39.2020203846792
14.8741715612155
11.4510998595506
24.4400746654719
2.1252571297414
21.2655787107977
16.7513256054915
14.8603514406955
11.2438247073442
23.1962233781815
9.88256330601871
1.05108016882327
21.6614109929651
14.2075311271518
12.827001420823
3.36122074833348
14.6399178076535
32.4148579276647
6.51908959262073
11.1586740706116
22.1365523524582
21.8129029963166
21.2498039326218
4.98259118758142
15.3337110160987
27.0853841211647
25.2343219239265
3.36419247609618
21.325592350953
27.6616684626788
32.1661232970655
33.9159445505646
18.905907199569
7.32420911081135
5.79550622425268
5.12686589606421
21.0810435470194
12.679457757622
5.56783117353916
31.2270061578602
15.2470617555082
20.8641834340328
18.120138393715
22.2112365394823
26.5256442853661
9.14982715621591
2.38622929900885
2.70850417364901
5.34090823493898
28.6460536066443
13.3084190589771
23.5533868893981
43.1300911586732
20.6394961683176
4.99863219447434
5.14986990019679
5.0311559694418
11.6604562848806
29.5433361083269
18.9575817234213
30.7008444331586
26.0968910064548
3.41615194290093
27.5713289622217
1.65970972952547
12.1071856468916
21.0827116388828
24.46752209405
16.7426809695332
34.0532482601702
12.2241234116675
32.9718359746039
21.7903917655349
36.0975221331526
26.5905267558992
31.8608242087066
23.6953688319772
31.9752679008341
4.69642903217604
21.6782085767886
17.1941343773497
23.6459339075272
24.8384802602232
14.6142793353647
35.144850704819
27.6721948292106
9.18147850277253
17.7545587066561
22.4543621297926
17.04317405098
9.82727380087667
26.2033744249493
23.4813165385276
27.0306518301368
20.1702896039933
7.41541639841972
23.2212362330255
7.55927979579102
18.2836950622592
29.6710703056306
20.0431839187341
5.34929782604535
2.39065891206019
8.62231149458111
30.2640789188445
0.809539016336203
17.6468428224325
4.08418891374797
10.387788897803
21.8471621628851
30.1159041510143
9.80720154201235
25.5635781213641
13.7202421203256
12.150890706107
10.2402496151626
20.8840447937975
17.0449166314191
20.7734749186784
23.8280944526196
2.96297783857384
5.7394405351945
1.50704211555421
0.201774248853326
26.104725850746
36.1788679845631
19.8940404425966
41.3334176875651
9.24300315073311
24.3159452251104
27.4578279349953
8.70465463958681
26.6282458789647
7.86313386780142
26.7603338136813
3.33938475133796
10.1034730748386
21.315378183499
32.6610625339075
30.7755503943461
27.4849506006616
22.3200195474127
22.2836740377303
5.74590570293239
11.9655243121088
4.26160642564837
32.2873658966273
35.8793187886477
9.83728037248048
0.573421176100725
14.037208026275
32.4745084495356
21.8350499402732
13.2089241487435
19.2062922287732
2.16601107292148
34.9104122258723
33.3719752728939
37.8977642394602
8.31221761410945
24.4576321721777
6.53883940540254
20.3183296009591
14.996650293411
27.4094202868069
23.5282232519239
10.3633371181786
13.012205529958
28.5137238912284
7.60824239090921
3.19943438115417
33.4098506718874
18.7354930210859
14.2723371862867
12.882743915543
16.1049547605217
38.243905082345
28.6616540048271
18.337460082283
23.6591713968664
