"x"
20.7314229221083
19.8985174298286
13.0926111596636
25.6809358452726
20.013726883947
18.0076488177292
29.2346709757112
13.3492777822539
14.9462322314465
16.4775966899469
16.7621358022399
13.5122288631361
32.4431046028621
16.2398013286293
18.8299717707831
27.1093244897202
17.6962340134196
14.8812895989977
11.2711622212397
10.8232573061649
21.9594266013566
35.1654810262982
20.7035208237357
7.34960854751989
28.1426736444849
23.7437508885148
36.8278754409403
32.9395085689612
27.9390969824378
36.699193844106
22.4187870626338
12.4057435537258
9.17216800153255
20.3066374990158
10.6141027878039
13.9831759035587
13.509660330601
16.4778012221987
22.8483338607475
19.5373106282204
28.2289224676788
29.6007464407012
9.64418672146888
1.90709597663954
10.9364562964187
5.47352198045701
24.6241684653796
12.9140978562646
13.9001772121805
10.9612489114216
19.9102844220464
20.3104823827744
17.2366124228574
19.9194478103891
26.0279085603543
22.2278414759785
28.1604058225639
26.356515486259
33.9985398226418
20.5216057598591
14.399999496527
9.20688965346118
18.5692156897858
10.000269615557
32.3181480285712
13.508871558588
3.99165957933292
12.4223788152449
26.2506177183241
21.2944679777138
15.707028413598
17.3060796805657
34.3971258611418
25.0323941814713
28.8668163120747
18.6560389113954
2.72855526271735
25.1453686206237
4.64909907896072
12.7385906875134
15.6716636702632
31.8871987634338
20.667592738755
13.4337536757812
19.8060008813675
25.2924264874309
10.064625449013
21.8379810617198
40.1020364253782
17.415234441914
22.2037981138759
9.91875288309529
17.6584616718874
15.6809599022381
15.2175690745935
6.68486614570158
30.058914644178
28.8122401689179
29.9358912510797
24.1344972280785
26.479705049396
5.34632869530469
26.677839270388
22.3385390963542
19.1396481706761
0.704610248490729
26.1440227855928
15.2906259521842
25.939786275746
16.4295417722315
31.3758127391338
23.7418442149647
34.6595694660209
25.8935362992867
19.2338392487727
29.9775333143771
24.6832134551369
32.8115294454619
33.0606072348208
29.5918091665953
22.9662719388133
7.8290689503774
30.6672315484147
14.7877183626406
33.2391692834498
17.1015188796446
25.4445375630037
20.646802301053
9.15954415686429
22.0537403365597
23.3178540947847
16.4312964577431
19.0929467771219
15.3715122258291
16.0689055476402
14.6495262742974
8.02258083332926
37.3711561085656
4.69543664949015
18.9862766303122
7.56227442421353
10.0280028086442
31.6780401743017
18.9276069751941
12.0516436756589
25.7047543418594
16.2935304106213
16.5914684417658
13.9730500166279
19.7107691899873
19.6611445164308
29.0803107549436
14.8318311315961
20.492737647146
18.3049793704413
26.5277723316103
33.5556652746163
22.668368392624
7.92551996419206
0.659250933676958
22.4036176394497
33.5785347037017
29.3514899793081
11.7431821604947
12.8395745297894
17.3899973742664
21.6273405239917
28.3251993823797
13.1652311654761
29.0025004302152
22.838858707523
27.1235850406811
2.94410619803985
32.4359908467159
20.5174046102911
29.8006918722099
12.253873301351
3.2006689812988
17.2414054827714
25.0743931741454
15.8636160311289
16.930290626654
24.4651443441398
24.8556573875248
19.2317338413964
23.4555614646524
29.9966508988291
25.3179621999152
29.1081784615195
10.9111807658337
26.6338089248165
6.15729719436069
29.6275155502371
13.0060414317995
10.7571424799971
28.3117716807468
17.2077837749384
33.6609751568176
3.21414150684614
19.6900554580733
18.2854295935764
31.976143817883
0.0632671154296016
3.47524173348236
21.8026206479408
24.7759435325861
27.6377403759398
17.7763711051506
17.7596904686652
8.28444566577673
6.68440129375085
27.5187993538566
28.7037352798507
20.4311713459902
11.1961468588561
10.7329106688809
48.3871002215892
23.3912784938317
11.5584026207216
7.23192528940077
15.7383308862336
25.0108451581017
29.1459272266366
11.7991305654868
27.5470146909356
26.9391028792597
32.7004787279293
1.8721815065235
4.8876002502622
8.44719152664766
17.8379096905701
11.8186371400952
26.7508190615859
1.25173551602952
17.3056697705761
37.9700960358605
32.6560304383747
29.1176751666362
32.6946710818447
7.57545548479542
16.0966252209619
25.0361527665518
16.8970441943513
27.9123893589713
22.5970347994007
29.5991471037269
27.7746289037168
28.6717447685078
22.4992258474231
29.652582242244
14.2495764763026
14.2613713207297
9.47532420372628
19.469694258525
46.0841431631707
19.186198651176
9.17151812463999
10.2645734092221
19.6532477159053
30.6858376250602
21.5145982422586
18.760741381639
37.2949216216215
12.1982238749556
19.5685686310753
3.15424406435341
13.7849442427978
27.2535754716955
12.7073200419545
25.4307526730266
15.3916723793373
21.9011954886864
27.5562306283973
3.16159771755338
25.3624038537964
22.2708104643971
12.8153375932015
18.4437574236654
34.0716926031746
33.5115762893111
15.5698979389854
41.3850130629726
27.4440975976177
36.7504381458275
7.34779184340357
14.5318679278716
25.6553495505314
42.8500849055126
17.9186467314139
6.36595834756207
27.6408377723997
21.6601920677105
23.0060473347019
30.8716927787067
25.5163372197772
15.4397486359812
27.1004796610214
28.7629625061527
14.5657465327531
2.94475788250566
12.7284851158038
2.20228289783472
22.4614754319191
14.5405674865514
6.80471691302955
31.5371446427889
17.7554516671208
6.5416032491412
10.4395809466951
20.2886101906188
33.4906241158023
19.2420271190936
6.97593251509832
6.05143827710867
28.9111205725931
16.5287716663443
13.7181858764961
34.8493413068354
26.339805778116
23.1738748960197
18.4529019054025
31.1877709580585
28.1430138624273
15.465347910165
15.1271257549524
6.88472780166194
25.333238226055
16.1162264688558
32.5157584156841
37.1977479779162
9.26109471636058
20.8441106789068
7.94202564284205
30.0919147906825
28.4243455622345
24.2297350860755
31.9172126705569
34.276927029714
20.8807668532245
30.2132378296346
13.5966996655885
33.9836358558387
8.66800085272108
10.5976874169051
17.2999789472669
3.67014447692782
15.509302681312
24.1783721954562
30.9120926773176
10.8707071948912
22.1702406532131
10.256801743526
24.5589542202652
25.4971142582683
16.7168970569037
32.2990153217688
32.5136327301152
20.6005004583858
32.7946642180905
27.1852861857042
35.0728306802921
12.3353891682441
31.4547334826665
11.1995540851534
17.8757245768793
8.54865240398794
18.7983549549244
5.03749324707314
31.205900805071
21.9764176684341
12.5712221721187
14.9722422938794
6.42099663382396
25.2693477552384
27.7183458543716
30.2973401638599
16.5720481492877
12.4854458747631
11.6438382267745
11.0242994994182
26.3596958362372
13.5244286502711
28.1094015226699
6.88994403556813
21.9822234590538
17.882605351042
0.366537418312686
21.1928209502921
20.8830126663858
24.8098875861615
23.8094978839562
21.0860266699456
19.8745709611103
14.1843479169399
16.5333256940357
0.605817467806645
1.76766581134871
6.57802355708554
9.97447175380049
26.3116074282156
32.6876149862073
26.6121480613947
0.726119487080723
13.569932364939
38.7821971205994
9.32823739713058
6.8394708330743
25.0515940831974
25.2439126255922
32.9894461319782
10.44310022844
26.2120904202171
13.5876899119467
21.1421549320221
26.7517245258205
22.6322319824249
10.3855701279826
13.4240349726014
16.4659583856384
12.9510285914876
7.20721695415166
13.634506193921
10.611446108669
21.2797761079855
28.5811460344121
8.07665030786125
21.5926158707589
12.2311133377768
30.0491962814704
29.4175964295818
17.2213805140927
2.65919922254296
28.5790343186818
24.7966615366749
30.2996020065621
30.5924654938281
43.5374633758329
33.9775517466478
24.2060472490266
20.3716495656408
16.0737924277782
11.2370063228817
33.810902072498
35.113771352917
23.1143288780004
20.4883674625307
11.5507349604741
9.94361144436846
27.5524368393235
17.3782795784064
18.0935056393559
8.72098985128105
12.0822384604253
23.2622699507745
24.8696516242286
13.1627913331613
11.8288112338632
19.8942528222688
14.35960913077
23.1930438894778
14.843868158227
14.1507636406459
10.8093430976628
5.49005254357566
21.2249273085035
4.0447889135765
13.7448980938643
22.9916058015078
23.5953826699146
30.2754370844923
24.4484719354659
25.8788097999059
15.4509906005243
16.4085661246209
20.6188243464567
32.2021042811684
24.0711851511151
22.4101014900953
16.8784521636553
10.9322747332044
21.9247414148413
4.86968295316873
24.4616895681247
14.1132894814165
16.9860680471174
29.3630617205054
24.4808135869715
20.633625933577
33.5589298769843
6.57946836446292
17.234918824397
24.7239758027717
19.6933435974643
16.6942274663597
31.2988030837139
9.5418052864261
5.79465148039162
9.59673029137775
17.270283261314
3.60845760706205
24.5837417780422
18.7304951657457
18.5312131536193
32.2984966492072
42.2093889210373
20.3438046039082
24.8285397654399
14.9766451791521
22.172853955999
43.4007275733165
21.1615878515253
39.8876152341071
25.5070547573268
11.5292881848291
11.7598336030407
25.4985539359041
26.6107420669869
5.52067301468924
15.5689304752037
16.9765225803425
22.6626626165959
30.9748527011834
34.3460355419666
12.2243241523392
27.5581992231309
23.7724315957166
25.4610531614162
15.6134672838049
25.3714850392134
14.7366184979456
11.1178838065825
16.0195408738218
12.0247638551518
20.1399551029239
32.414727145806
19.8817950789817
19.2290811915882
20.2915985516183
15.2138095925854
3.31811177311465
30.6535526993684
6.47307441104203
22.1137210261077
15.4950517725886
31.4432524493895
38.0218969658017
24.2432182305492
28.7008059443906
33.238911582157
2.37780720926821
23.885977466125
5.05501743619329
20.2822873019613
22.5059328018688
9.16479446430851
22.271926200483
12.2071872814558
9.72874673316255
23.3153450500924
15.7814646964427
35.5007615173236
15.5473397579044
10.7672008685768
24.0354675422393
13.7239071191289
7.17906643403694
24.5144735556096
15.8334033202579
15.6922489305358
11.2470954191676
40.9102335339412
8.76394046936184
11.9966645026579
12.7860267904882
11.1952013015502
31.72094633002
23.1829392086777
22.5222861394286
12.374546576757
8.15602956572548
8.82805498026305
13.2851135102101
13.713076400781
8.45346967689693
24.1017748019658
15.9849025192671
29.1314232163131
39.936083892826
23.0734381824732
3.30813556211069
21.45328768529
29.9572599915975
11.8095136311267
14.6954463212751
21.1865868145453
16.0673353588209
33.977897639852
24.0105532924645
29.9692774540745
30.1546996459365
36.7238873995289
27.8783222311176
27.8155158473386
21.2798614319081
12.8529942506915
28.9379635825753
3.14503254445643
28.7736325291917
28.21318753995
12.8657203603748
10.6575918383896
16.4462387388361
15.4764908133075
14.4494928536005
8.42594678979367
20.5061172950082
10.8395820875023
17.6751815364696
6.68026708317392
14.1149175236933
22.4437414901331
22.9318491532467
37.1052663889714
14.9150484474376
27.8438967070542
18.1730780850868
14.6332527394406
3.34922910993481
4.59765179548413
37.3129949555732
17.4815299880437
28.0434327516299
31.6016929456964
18.8466420862824
8.84780954802409
21.1965606780723
25.7075130357407
2.28503097031426
14.0937363845296
1.86239182949066
17.0409433892928
23.2355220126919
29.0038907085545
35.9988838783465
24.0120576816635
18.4872660112454
12.4412707440771
33.2723973202519
4.4137608221154
19.8645483353175
23.4459455008619
20.7252905207783
7.09567362209782
4.1038811249465
6.95337384240702
15.7660910187238
16.4566984400153
18.7955047647829
30.4578592185862
15.7183431903832
34.7342658089474
30.6127712479793
22.0929529052228
36.584069870878
24.0309016546234
24.4040274688766
27.4175511709125
24.6633148274778
41.0362853086554
28.6854905309156
12.3432401684113
27.7805465398156
29.2394404532388
25.0114816124551
31.2080325325951
27.3623145651072
38.1814958411269
12.3614982585423
24.6417007874697
22.8568714684134
17.8346615284681
9.65215737232938
11.9597118347883
20.6461623381646
11.5048288130705
13.3014034596272
16.347194777336
1.67878683423623
17.1240054653026
29.0564412473127
16.8383400770836
13.7561615207233
19.3214920212926
10.9747563838027
7.35484065922934
14.4850790617056
15.6805509418591
38.6661535128951
30.5526254349388
27.5738539989106
31.9899575086311
38.8892701710574
6.84813618427143
36.1001859535463
44.0947835566476
12.4225077917799
4.56345022238567
12.3152401065454
27.8901517856866
19.1852715332061
25.3176563847276
16.0992409335449
31.4258204307407
15.4938706940567
30.4903272539377
18.6405318119149
28.267714188281
17.4572177231312
13.3966888129907
23.1885869172402
13.960939552635
19.7113272055666
18.4068316128105
18.4239275520667
10.8735484653153
20.644261946519
20.5732583176487
10.8477801605943
26.3292018673383
4.34587168274447
25.4918412482047
12.4299687237857
11.0031415591948
15.0690228217286
14.5487144356593
17.7040095208213
12.6155364134765
3.7997131452485
31.8170881946571
5.3505674691269
28.5337585257366
13.4669823688455
20.7742838887498
19.079308102774
15.3707345362072
14.3404147394319
22.3215877544135
27.2407139704464
11.9202203711391
22.8181230020709
14.3893070169725
9.71610801061615
20.8702291355978
24.5457177485628
26.4446039662475
44.727787189077
29.7527354559861
19.0077498591399
34.6653640153818
18.6562058748677
9.10076089203358
15.7098082656245
30.3339823032729
13.380828872323
31.574325193651
28.5963088623248
24.839478274071
17.9442405912168
31.0897453688085
8.93270040462424
35.4433287866414
14.282649429515
41.7113374569453
25.5460859515169
23.5679486067966
5.5006034206599
11.7833868106112
22.2863026312552
30.4046780685894
23.462684720289
25.6985389511101
17.2312488779426
22.0601509907283
23.4748136494007
18.6563725699671
27.3276805412024
25.8461861056276
41.0530623514205
35.9796580276452
31.2527844216675
4.43709284299985
12.730344925526
33.6288868216798
17.481752007734
33.4769308799878
24.5485827676021
11.8797016446479
24.7167175635695
20.3803699230775
23.4704313799739
26.1429115198553
41.3095575990155
20.4914174275473
4.92607777705416
5.87042468832806
7.52313938741957
29.1580201126635
32.3603568386359
15.9601069215889
15.6046268180944
10.4812007630244
28.7327134050429
30.7951108904389
17.6018622354604
10.5031605111435
24.9676331179217
26.7070902627893
12.738648452796
27.2583878366277
19.2348813748938
24.1675765137188
20.5034021870233
18.0416438961402
18.1779937818646
25.0499846530147
19.7139369207434
8.73637053049156
30.2097592852078
26.7981604090892
5.72150400493589
29.5723750605248
16.1829140153714
33.7695888010785
26.8917676177807
20.4972464766717
20.0579842552543
5.79215039033443
21.8132282607257
23.896441119723
20.4325560343986
21.3873977135554
29.7996575245634
13.0402567796409
16.4790928944562
15.9599725678237
24.7256880509667
34.4354301540181
14.4972667680122
27.4910905879064
16.0831158980727
2.99647010397166
26.3451833277941
0.566292833536863
26.2997099314816
23.5439636162482
12.7741314936429
29.1356989997439
12.3420247226022
19.1883243456132
17.4946891609579
15.8977186423726
18.793421567289
35.2596570155583
7.76820203507356
12.4174484750256
20.368805063855
21.7971190810204
34.5775843173127
13.2905194538134
25.857355131302
36.2637091311626
9.21896146030775
28.2918556595763
18.5239634470998
24.2282857652754
20.4382262192667
11.7961823707446
21.090182592161
29.9551625961787
19.7373299848761
21.5130596132559
29.3404964497313
22.882756536879
14.5928186131641
30.4352989769541
34.3256281572394
13.1752841756679
13.177484809421
23.0920631904155
13.7898713350296
25.3142403555103
26.8479548488105
13.1128579627376
33.6224890546873
31.3191091292538
15.0787703460082
19.4094998762012
17.2953483863734
42.635164107196
19.3951042718254
26.3822589651681
28.370663174428
17.5819885254419
18.7631219741888
25.8882022974553
8.23645249474794
29.4701176229864
19.623978678606
6.8000806029886
21.656293887645
10.7092849102771
27.6282935849769
12.9256818769177
32.9935463843867
30.4221165832132
32.0606947643682
11.0999654097095
15.4472439782694
28.3576140811397
21.186096011661
8.21622340008616
27.206542276443
33.6526473867707
23.2610576319661
26.1785273090936
27.2114653140306
17.6799951237626
24.7338129091077
35.4487885138951
18.5577885364182
37.5001293141708
18.928129656706
31.7593181272969
34.4994397717528
22.0985116437078
23.077869869303
8.24315681734285
24.8549010953866
14.9937323757434
17.3677916097863
30.1988354651257
17.04190839082
6.033807189847
28.9681377704255
15.0598579784855
19.0186350075369
31.9830407018954
7.87912518717349
18.137937434949
36.0219440655783
11.6673938347958
15.9829526790418
34.6963500953279
21.1762002638647
9.87442033365369
28.7749094422907
20.2278695767745
25.1865911646746
22.4071717806981
30.4267514264211
27.3151224246249
6.03028668556362
19.6868179365993
28.0584870139137
22.8820311720483
9.19147416872386
13.4907394504391
6.45966762676835
12.5369365210645
17.8879709914327
16.2956888205372
13.0642248666845
25.0969974281861
17.9509302601218
18.5310040443484
20.1976503012702
14.8291625082493
14.4981395336799
20.940050644997
23.3026756110693
20.4389899852686
4.97771243099123
11.4608132607666
26.8766594460272
14.922897645738
14.7692606530072
22.625981667079
13.8977618945997
21.6149401618168
16.860106238164
16.1075078414951
17.4961606389843
27.4388768244535
16.337631130591
22.6839116541669
25.5053688809812
8.38563117834068
24.8920673395652
28.6989693995565
26.5429331901297
34.5721798342223
35.3297537541948
28.5611848463304
4.64161561103538
18.7108621468622
18.1226981570944
39.2591616720892
9.64220033492893
10.3262500022538
19.9958681941446
21.4836835744791
2.50979782348802
15.2583854000903
11.7564649184041
25.4412103101633
25.8776427595876
20.8682362223044
2.47746511782836
29.327846725937
37.1954764472321
13.8884510379285
25.8759141447348
17.4558745929971
30.1874038064852
21.8005428090692
23.6974390572868
11.2923978245817
19.6934519684874
14.2714865252203
9.47458996670321
11.8687017238699
20.3851585557447
18.837537013433
17.1409005993762
22.5538476021029
12.5816424323371
3.28626652970643
9.07561555490755
18.0019765044563
14.4575623868462
29.6638604602776
33.6984659428708
15.2370118070394
15.1706881343293
12.6404980779625
18.7581569235613
18.7224069843069
16.6727413337213
8.86705693420576
25.0623494270258
26.9347277485627
26.2650023563765
26.0885059833527
11.9836708855102
30.9414843446575
37.961371575937
25.9388013052955
33.3908507600427
15.1544375228696
7.79149723499905
30.4155117482878
9.85712995914349
14.8266018716978
13.5014332830906
20.5888991709799
19.3475380539894
23.4000629978254
12.894441987839
9.28291857708246
1.67336918634317
6.56535553280264
22.0011382044576
17.3549409989472
25.0844371388666
13.7173594172578
9.3341052532196
21.9745876370081
28.6790212383494
10.2830105926841
16.1573779187165
39.3576615024358
22.1775093062938
9.87087042303756
27.6919813003154
21.2017254671082
38.8409581035376
23.1280596577562
6.82504456490278
6.00127879974384
35.0920652621426
13.0866004438477
18.0738285533153
4.64897872788102
32.5603830395266
11.9121689815074
19.4022324518301
10.9617111609977
23.6512385308743
21.3829049840569
11.0501875333498
17.0916176168248
19.4762914907187
30.410457844846
14.1436152043752
24.0919115021825
20.1027942937799
40.9424694254994
8.3828750379381
26.6390961944126
26.4468078521553
27.0683416281827
12.588688521646
31.8488916498609
18.4566505645765
27.2335050744005
16.4980352260509
21.7249880684689
33.024228096474
14.1164095631716
8.82845604440822
18.8019190449268
9.61748381378129
11.4951213662055
25.663073931355
6.20192972094168
24.3955034413375
5.47199291177094
23.6795199452899
19.7803339571692
19.7917065932415
17.1354067395441
36.3884929683991
21.3025365374051
14.98783120187
22.9262195527554
24.6979755582288
0.368902995251119
24.2007240070961
6.56531319066724
7.65108164573853
33.3929130923934
21.6113460366614
13.9503975631669
27.7854554753833
22.0679823254835
9.8613603597809
8.12795570818707
12.2618304099888
17.9007166526543
20.6193668302149
36.0987089225091
32.5380418798886
20.8139271824621
28.8777424371801
34.1598297818564
34.7390420269221
23.5754286060519
11.6180352472491
11.1377580324188
14.1967348620416
25.6620709667914
19.7382321464829
8.56271443986026
26.3318944140337
22.3359432304278
7.49462106032297
23.5481289331801
17.4149214944725
17.2657779941271
26.2797655072063
15.2926194415031
15.9221832524054
23.1732688145712
21.2839227751829
22.3281693994068
22.1459808759391
21.6059220792618
26.9971732981503
23.3499007053697
26.8128126848802
13.2039845455438
18.4961854793292
17.7934640203603
15.613020141609
31.306403875351
27.4287714972161
19.1429270314054
25.9503536741249
40.2882172144018
20.4499218729325
7.57823099847883
6.98733671687501
13.308461336419
15.6456923491011
32.6906872331165
19.5241148583591
36.4328157286052
15.8774950657971
28.9346661899367
30.3157932939939
13.3095742794526
26.29630967853
32.3221193742938
36.1286658095196
6.79371727164835
5.58641313378266
17.1545311692171
22.1000186400488
34.9887745454907
16.6857358967523
10.0731785480748
33.3627720479853
11.6639332612976
20.9435966887077
21.4025997673161
17.5866371719167
42.6000597886741
16.4092352148145
37.5583040993661
31.8317767465487
6.62352450890467
39.0231155091897
12.4904129072092
15.1673513798939
28.6868259077892
35.9874483430758
25.1488851670257
28.542368626222
25.0609009643085
24.6544413501397
16.6761164437048
3.21090024041555
46.2330023758113
37.0037227261548
17.0776053785913
31.831092259381
29.2513226042502
29.2101275757886
10.3830931358971
22.4442947427661
15.7150915358216
14.8603121750057
6.76863222615793
25.2157953876834
19.1400325429365
12.5747258278787
27.4886073893867
17.3382009434358
0.105136408697522
19.4402825902216
18.9563644118607
14.5716921945103
6.96876692818478
11.0964546974079
6.08167372411117
8.132369723171
22.3917438299395
18.0397685500793
33.2033975981176
35.7467573136091
0.765351892914623
17.94185716426
16.3858385989442
29.1060928553409
17.6587841939181
19.3292843944294
12.6462297979742
24.7832074295729
9.19403628213331
15.5101338517852
18.2123908423819
23.9975221920758
10.3497604680155
9.09464146422737
18.8514999766168
2.56102269049734
9.81748879598073
17.5013426778544
11.5734449392206
23.7349664443173
19.0727870562114
8.0914961756207
29.4472004869021
15.0561521183444
16.1261009168811
15.2486005000952
32.9711052356288
30.0941203138791
30.5631835020472
14.7961167602852
21.6443597339094
15.6130189174512
21.4359636534937
8.48501500440761
21.4455189103209
18.247520935256
27.4783905501159
13.1450010601331
18.4511276311241
22.1675029490143
6.32959870854371
11.7127960109185
20.5716865137219
11.1398688750342
45.4132139333524
17.6627298005146
25.773934952689
19.3219834472984
9.84086084383916
2.37459219060838
29.1496536383054
21.8438721354154
20.3581304877512
23.436305753421
15.5554106575437
9.28612222047778
20.2756747137755
20.6757485502641
23.4890287974849
22.3847198300064
37.8049234044738
16.057277424261
23.7438917742111
16.1724780785103
9.69945495016873
11.1494135227986
20.2379557410705
39.5455989637412
28.4064363688231
15.6204389641061
24.1835556342266
26.1010484187864
35.2630456793122
24.92963972103
21.0549995885231
27.088767348323
19.3298512604088
22.0595327687716
30.6441303989004
15.9672990117858
24.990256188903
6.66849020635709
17.841615181768
3.30900704224455
6.61692788125947
23.1627762434073
14.6744179772213
27.0657867891714
34.9465930717997
11.9934036175118
2.51386411255226
25.8099126638958
11.2648883135989
9.40419021539183
24.8012858197198
1.19300623191521
10.495656367857
0.346269796136767
11.1108065117151
32.0463673328049
28.1509372754954
17.9552815505303
24.5344425318763
22.0833561499603
21.1164990910278
8.02514971001074
31.841055478435
25.7877710857429
7.42546639090105
17.6694154506549
4.58231759257615
28.7673327606171
7.85363479838124
16.3023685687222
14.8676507407799
30.1892266814916
32.2056367644109
21.110484295059
27.1963282953948
24.7870546183549
18.0174714060847
5.44553076807143
9.98157067224383
14.3699079402722
5.58896638789578
25.9825958171859
11.7189235714487
26.9386411062442
19.3166498676874
37.660318496637
30.8270035427995
18.9510826848168
34.3388704117388
29.0697228047065
7.70032907890832
20.9628085722215
24.2961600422859
10.2696781279519
24.0019718650728
33.8420917665259
8.35416787303984
26.9897455428063
20.50282076234
12.1133740525693
12.7784813172184
40.9123034100048
23.653391312116
10.1812258218759
11.8567591183819
23.6673462786712
19.0996565739624
13.1616241068293
26.7572107785642
12.2428017784841
23.0738849594581
16.6352107306011
26.2091834913008
26.9833431743584
11.74070500387
22.6784870261326
18.0298491158781
21.416156028863
23.1277338759441
15.4681284329854
41.1233837949112
16.6317490395159
6.90319701097906
28.1715396442451
21.8247944489121
25.0704506412148
35.8491648221388
20.4396217957443
17.4916602903977
42.5837163696997
27.1509302663617
2.61918094474822
24.7076186584309
24.3482972960919
27.2514101467095
31.0049918063735
17.1406385127024
39.3448237096891
15.9707250085916
10.3261817332296
9.01975604938343
16.5379458689131
8.25575301423669
16.392085456755
14.7787417285144
17.9492237395607
36.4248293917626
10.5449808295816
24.3479868164286
32.3422047734676
16.0711149685085
27.6792234624736
6.41897306030929
13.1588046206161
30.9934882912785
22.9017695761286
23.5840534209274
12.3766408578299
11.7819459935704
3.7344662938267
16.784642648162
24.9373367987573
35.4939645971172
24.666288017761
14.072210714221
11.1725492868572
32.8228657250293
10.1478830329143
21.4997931714614
8.17369285505265
10.2965598343872
24.9905907833138
24.4681001175195
11.8498045944595
14.5556585281156
28.0081103788689
19.9262670823373
8.25796426506713
26.9407554762438
14.5359991583973
10.1234022247523
15.3029585955665
27.3901831707917
16.5261845185791
25.2600649371743
3.4783874029726
26.2501359327026
39.9290124303661
21.5598957594579
27.4251724476926
20.5216543399729
27.2183793364093
6.73288644483698
21.2756339111365
5.46354402322322
11.6047899588011
12.0216502741561
24.3059202918254
22.2352634416893
20.7267909134257
20.2559252735227
10.8299487893909
16.4872454809312
24.8338740435429
32.3851662054957
16.1120961885899
22.3221336607821
1.27081889659166
17.7532190706607
1.4239440090023
16.5502157877199
24.3205528473482
38.4176877024329
19.3988232174888
2.71657747216523
29.97847730766
13.1501670834461
36.3760941079818
13.9148114600328
16.0900862250678
24.9884724849835
31.5499911666848
17.4845146830194
24.5236782822758
20.353855798021
31.6071391920559
33.7627825210802
27.7342370012775
21.7988169402815
5.57595912782876
20.3692023293115
21.3859921786934
24.0389762911946
28.0641958583146
24.1003812756389
14.6089484694045
22.414998721797
21.4700570446439
22.3315015551634
39.090277638752
28.6123471800238
3.7537151486707
17.4751607238794
21.9583940226585
16.413018212188
8.84977709126063
5.74151157634333
21.659645671524
21.536604326684
21.8129038461484
28.9830199442804
23.990450485499
26.4340203633779
26.5334395808168
21.1723959655501
30.3121964101273
24.8446729111049
26.7474508005873
1.94440197665244
16.8901666416787
11.5698754205368
26.1781966779381
25.5815534270369
28.6440721596591
14.9585703271441
20.6793524790555
21.0258063172911
18.0449432651416
19.6022967109457
23.3291208394803
16.5358157479204
34.917251940351
15.0595893734135
20.3815150656737
16.6797738522291
14.3019007053226
9.19411454815418
17.9172069796175
17.5892900442705
6.08452804807957
16.5705568855628
33.5974067333154
13.5681888282884
20.2287767431699
15.3624657774344
21.9031852553599
14.1971484537676
24.6746615960458
35.2183304261416
19.7871224101751
16.9259323971346
10.9742596090084
21.9515400705859
44.2993071279489
33.4335187682882
5.35417864415385
22.6160116726533
24.1464324835598
24.78797652293
27.2885104676791
17.6602373687141
16.4030081030159
29.8996959230863
36.1213004915044
19.4861709564486
27.9216417577118
35.0947057141012
28.5592944826931
23.9999372279271
17.1347407576304
43.1668374803849
29.643354518339
16.3114893804294
5.37751251831651
27.9992240203987
19.4550149375573
23.2940777787007
8.38525408180431
41.8557356810197
32.9793523298576
21.9031083164737
34.1118936077692
36.2676934339106
27.4812259711325
25.7144586648792
27.5157689116895
26.8956185434945
7.54335871897638
24.2472252692096
24.0989230689593
12.0995599165348
25.5865301121958
27.3151911213063
23.3519920147955
31.2844847794622
26.3176607899368
23.1641918770038
15.5679329414852
4.89250535611063
9.86907117767259
38.0582749494351
31.9631071542157
25.3434041049331
30.1407037056111
10.2558420505375
2.56093642674387
10.0936037837528
12.8423592075706
25.1283241388466
16.5586844886246
30.127472570166
14.0426183352247
14.759930437624
15.5908117288414
15.2270448161289
25.4372712030137
31.5375209203921
23.0714270965183
5.94624815275893
26.3899120967835
18.0902047315612
2.04944307915866
6.59849998774007
20.8021817961708
26.8561696750112
19.6119665563014
45.5990321520116
24.3556200060993
8.52693003835157
2.18160651908057
10.9135700971819
3.2599776979164
28.4136910457164
9.19895638944581
13.9700216939673
20.4293037533801
10.5687623494305
26.5501261688769
10.5618072906509
26.0958955041133
13.9724111650139
26.105738687329
17.3468404231145
12.0169647736475
30.1701665180136
28.3543851342984
26.081875897944
16.2562470096308
26.9534553168342
24.6200909139588
15.2046168174728
29.1425935691223
33.7043007952161
16.1845179623924
31.3501668395475
4.98524653958157
6.99556439649314
3.94912653931077
21.280039998237
23.2013810542412
4.40170832443982
13.72774732358
22.9300099301977
10.3712897747755
21.8116724747233
32.7016988106248
40.5751961865462
31.9779054145329
24.8969245352782
19.8554682196118
10.4032129514962
16.8436660431325
9.88132932689041
10.1141637540422
44.77068238833
27.3403449333273
21.2526288698427
24.0457908483222
32.0089491549879
17.8507657838054
23.9729768584294
5.25741895064042
32.5711678457442
26.1362810153514
11.9646415023588
28.4665300045162
5.25283163879067
25.6831149570644
7.71179810940272
16.463697119616
9.04203067766502
18.3900785522889
21.9107036478817
2.0491292159875
8.95420666784048
23.7686265259981
21.6572901816107
23.3471559360623
16.6516178520396
25.8689304348081
22.1985885989852
1.42128600273281
7.65187062788755
19.2309615977409
13.0011790897697
21.8471259344369
32.5251007103361
2.35692824538655
26.570196042303
31.3219490577467
20.9137720987201
13.5537749690269
19.330835333142
2.05642314394936
12.8860161064392
32.9999917906633
7.31317635833693
32.4759702896699
10.9741488458277
19.5615095035025
13.9258825370953
16.0874238470569
18.7296681275411
14.2021350678988
11.6067948751152
26.2430299306288
16.4762115387652
20.9647819516249
10.6381559571829
26.5876178629696
28.2428538892418
21.584664133843
16.459301701248
18.5232900897972
31.5277441288345
19.2857042653486
17.2089235391468
19.5168634294532
8.71023517669641
15.3755352948792
20.6417825887911
26.5999938827008
35.7869931380264
26.580151298549
24.3811540308385
10.6763240299188
24.4269788926183
40.0268274592236
19.7611374357655
19.5227523101494
22.9592216342026
33.9189696204033
32.1008493214189
4.14502144558355
4.96962749166414
20.9916900959797
9.83805792639032
14.8084500970242
9.8323974525556
29.9856559024192
21.1705382913351
17.8153214743361
13.7359890555938
21.6986052808352
24.9094415456057
4.53349676455722
33.5770120176749
3.87099775252864
20.1650626746229
28.5857519949786
28.0620046891272
17.8933247142576
11.6874275612645
27.8303606668487
12.9542789538391
19.0037230378948
21.0055225761607
24.3410399424221
1.58191168549945
3.50544598186389
25.7823289886152
27.853741706349
28.1172442948446
24.1222630022094
21.0028830799274
18.6400728416629
10.3401723434217
4.15009298608989
4.65624234639108
16.8042371864431
18.950787808562
29.9111037631519
31.6267198417336
26.1757318046875
27.1789028774947
24.6585582266562
27.3556297528557
35.0434568244964
20.3494240064174
17.0224146432128
25.3989715682489
16.0866780672222
7.2861426862179
43.0220500140808
10.247135872487
22.0538267749362
11.2947863526642
20.7812261327977
22.6147113949992
33.5921110119671
22.299363039298
20.313647040166
22.7673658635467
22.291557805147
18.1984178467207
34.1631509363651
16.2212100927718
10.5629831131061
20.5660465101289
21.6825870447792
23.8005882245488
6.97393112350255
29.6971640666015
7.99028459005058
9.8691408871673
25.2081142156385
24.3667899793017
28.084773325827
20.9838840994053
14.6629269118421
29.2815507156774
20.9584491094574
27.7743678423576
15.7199002668567
33.3404470520095
30.6243979954161
10.5516286343265
16.2751659079922
12.5043681473471
39.3018101953755
29.742775275372
31.5648172327422
26.3503278954886
12.4981191386321
10.4577987687662
11.9493324233828
22.5995611050166
21.1185242515057
29.6097557293251
22.5479821208864
11.8194957613014
44.2815611371771
14.2515220446512
21.4987583225593
6.6384731611579
22.1345845959149
21.0630327438623
27.2573560592718
16.4933644718699
26.0146935819648
29.8306001583114
36.6962797706947
17.4985686236164
16.7552512488328
5.59549714671448
21.3142465800047
12.7717017196119
18.1664537172765
18.3278325246647
15.7068446394342
11.108006676659
26.0972060164462
7.46503950795159
9.99128452967852
25.7479698979296
35.676710756298
4.55300519755734
6.33228512015194
22.4748754058965
29.492882732302
37.4238973483443
11.808297818061
29.1769964271225
33.6418424541506
20.8265025867149
9.62539793690667
22.8093812707812
16.6937085460135
16.1866122158244
23.4459259074252
16.7429196531884
22.0030957250856
21.6948538140466
21.4590208721347
14.0374673697432
28.6644383682869
8.95774411037564
13.4319657301164
22.9953705193687
19.3869290952782
20.1505579510626
26.8948971410282
6.95227340329438
18.799350480549
19.1003544385403
17.011937010102
6.40738739166409
7.44889208581299
9.96535036247224
26.322919211816
18.5557191842236
15.158073802013
34.6123001771048
31.1806046446081
18.2434090857509
19.5708191663909
26.3146812329069
5.88185891545681
26.4739220263436
30.8031921624206
17.5312424425925
20.0460794381797
28.3297037822194
20.1108294579525
28.2521339831874
26.6766207176261
21.0297784069553
16.0506801330484
19.0792596316896
10.2849263156294
19.1365488572046
21.8514766660519
36.5693781059235
31.1077514430508
14.8995525436476
11.0362720055179
23.7491386709735
13.2523237145506
14.5091657177545
27.4879281059839
30.5511119775474
17.4674652982503
7.24915445313734
25.462607096415
27.8590104459438
10.5649206154403
33.9230553014204
28.6361681297421
52.7537892139468
15.3239186156937
38.2479613996111
6.70182140931619
11.0667769331485
30.1998748104803
19.2381133208983
19.9871865080174
