"x"
13.6414014791728
19.1498261876404
18.940230382486
39.5582573488355
1.96611620485783
59.5262690447271
11.603046769441
1.12413216004008
10.5201947674602
26.7590219154954
13.9702642175308
53.8762839203257
39.3236923962831
74.6515757404268
30.8372501283884
55.1384355327602
52.9609280638397
48.4220595099032
8.3372124335464
54.0806511191206
31.4108085646864
35.9745065991626
13.7777066259385
42.4641851335764
45.9071316756308
5.08286441661116
27.0443583835045
4.69917975808153
62.0338427834213
21.1867011152208
35.9972897917032
42.1540656127036
51.5831609256566
52.3119914925011
11.5785086236972
28.3010669052601
7.58365904912353
17.7648325697819
11.928662378341
4.99632755181316
30.453119884863
1.54072637393605
35.8911987394094
32.707095878033
14.7885045341639
26.0703259147704
51.8596054678214
13.2747029130002
37.2369917109609
20.1638473197818
39.4656615331769
49.9459382500471
21.3354967652795
22.010744176805
42.7604072727263
42.2386044782192
34.6691766753793
2.16570300336896
48.7917221151292
7.83803863405488
27.7515987865627
55.0892519764602
50.0193306525517
30.7273617898858
3.81883382037126
10.3596853823865
21.6391766212063
45.8786899223924
42.8940901122479
22.7114993147552
47.2962909830851
50.4395639249242
53.9115755818784
36.4456200972199
3.79690257832408
42.7803453989327
0.535061312116455
7.50944621708649
42.9662551426739
22.716804407537
9.29269343614578
66.8721091933548
35.5653202161193
30.7402375123716
25.6745651364326
33.9681590907276
71.9735088758171
9.96161373332143
53.7090179510415
7.21617239515355
50.5118138156831
39.4930935000067
20.3195961898124
50.1441880129278
21.6681105962086
41.6055642020831
49.9405243434012
33.4557102993131
26.4578370377421
43.541422765702
30.1020432263613
35.5990285053849
21.5940596535802
31.9334909319878
7.80733932320088
9.63838258758187
12.5768005847931
36.40828859061
55.2793878130615
27.0761172287166
57.2940013710517
69.4446544162929
18.204672075808
14.536623259434
26.7045591034084
44.0468442626297
14.1382839530706
44.2517954856157
50.4995212890208
50.0527689233422
19.3881554529071
18.027829589158
57.0344556860684
33.7837884901485
14.6242642943113
30.0834893248975
34.0599234215915
23.4188887291974
72.4219018593431
34.4214337877929
19.9875918217003
31.8530970929438
46.6555041261017
63.4662627242506
13.5170477978196
43.4605179354548
3.16630245215045
29.8195423558354
12.0706575922668
37.8550175025231
6.11410550773144
10.5570483038305
61.5785321220756
32.9951916332297
26.7621451057494
10.5944704264402
34.2911123298109
10.3776077739894
25.5998704911657
94.417182697972
26.9019571132958
96.4668784470722
42.740930725409
30.3611501120031
0.380400100330245
28.6615115054386
26.5834273948009
33.8008216582239
0.543526551503643
75.666803214699
50.8524434641004
3.92391260219704
45.6734823994339
57.8034159453712
19.6481044404209
6.61412382885267
50.1634303480387
62.3946609398347
13.6516587808728
29.4388118200004
64.3083044327796
29.2624275200069
55.3177072557297
14.6477500908077
24.1224876004691
33.4201389923692
28.6356336630268
18.2343108141892
8.02345247939229
12.8287536092103
47.7411858737469
36.1571200191975
52.0735122263432
12.9537353021843
24.4772351531099
51.0247890758595
41.5893261320889
73.6779201775789
15.6209093365594
3.48371211439371
28.9050499358511
71.0280694998801
47.4145030602813
10.3645962662995
53.385660611093
8.06109178811312
0.959169864654541
6.93833975059388
51.1714311316609
75.1584468725789
65.1566719636321
43.8544207438773
34.0544323436916
26.726789586246
0.54887318983674
66.5725720115006
49.4588756933808
72.8896912187338
47.627658753448
33.5411063410665
20.082002247795
28.9250978738597
8.36441025126859
16.5450559929013
34.9029220640659
22.1638637594879
49.9413888459622
26.5090174973011
23.6942615360022
0.218395795673132
60.800198385536
23.5870375742638
38.5191925801337
56.0624524961461
46.1941756308079
5.60845227931973
61.2518380004089
1.91503538291574
36.4542986266315
60.5359446257353
28.8375921547413
10.3845938108861
50.5163103342056
51.9726651720703
15.5120608396828
7.59044086399411
15.4886818490922
48.3853187412024
20.6045453436673
29.8796995542943
40.3441820293665
40.6301156617701
37.3815002851188
21.4529808610678
24.1189084947109
6.95673406407368
39.7056071087718
53.128521505876
44.4143461689869
42.2365188236249
34.5432247035205
10.1106774993241
58.4255112335086
8.29150491142292
48.1621189974248
33.8029972277582
4.05048840606517
33.8584955745058
46.768687851727
51.2912437319756
27.9276618734002
27.6406455698571
2.56386194378138
58.1334731653604
20.3218834474683
14.9215676821768
34.422574006021
13.4780962446948
29.1479004749856
25.325985159725
12.5134258169928
37.3799776416397
22.0987242422163
47.9562995024025
20.9601428148473
53.769345521003
13.7534203067596
37.4627921405574
2.14639129117131
65.7033624127507
50.6642408668995
27.9839012841405
17.8739609758245
45.1064012356401
35.6503415139812
54.2840450070798
18.1971719488502
24.5709900744259
96.7499381862581
27.2715763188899
37.2917228378356
63.1316440179944
31.8075768649578
21.1725511631503
9.68437930569053
71.126033179462
28.4497189335525
35.7285524718463
33.2281169481575
29.1579625569284
27.3988405242562
33.670827846702
32.9482841305435
5.76452584937215
58.4864339791238
12.3623859137297
24.2440532892942
16.927632316947
22.3452069796622
37.0717675865506
40.3793127276003
41.8887617659788
24.0438353270292
55.399174708873
9.33413589373231
20.0434544123709
12.3151987063089
45.2144672162831
52.3532693274319
81.7992161274808
3.91149172974363
53.1043436378241
43.831211142242
32.9201244749129
63.1845589727163
50.4826922900975
37.7452162094414
35.6969276443124
68.2153470814228
36.427975166589
8.25095102220968
67.9020576179028
15.2337986044586
78.5147438757122
65.2760736644268
28.7897828966379
0.872533149256565
19.3762860260904
61.9363668354198
57.740915287286
29.1306405328214
50.3119006752968
5.71615463122725
39.9949783459306
30.5367651661383
29.5418928834934
37.7111763693392
32.351460494101
8.05438738316298
67.6257233135402
6.60863453522325
16.0878044553101
45.0392446480691
38.1912657991052
66.3860805332661
33.5760508663952
30.3567779250443
27.1873115966533
10.8950362853694
6.08682427555323
2.1607356145978
42.3492795744905
20.4513252392646
11.9881345890462
8.74720131604669
38.7954496778548
63.7056760403037
4.65530483052135
36.2783380784094
41.2176502868533
12.0432787574828
22.178388107568
26.5144518576562
25.8231258951128
39.8887435031366
40.8017599514119
67.6626668311656
25.3103263676167
16.2439182199397
13.0135011181451
32.5191919135426
34.0131338685751
25.0311614945531
44.9698144704716
36.7487622850311
36.6389769415269
62.6719662398139
1.14406868815422
57.6350756966225
39.3345152959228
50.1104646362364
29.751391476221
69.9898059479892
66.1275204271078
11.9091762697305
7.57672002808239
28.2810432034252
10.9586912207305
44.7742759250104
59.6231167204678
35.5099219626967
6.70980382710695
44.3099024705589
46.0338323377073
49.6943259733423
20.01425139606
44.9428771941532
5.37209248758897
39.3845648504794
39.4071119837463
17.0838284306228
27.8870072530004
64.3875010481529
16.3159618154168
13.6242813430727
40.5124911789091
2.56073726341128
74.5263773003793
24.6116360649467
72.3496640101075
41.957525265702
46.7491750605404
26.6326985321939
32.4029582025731
55.9839280322194
40.0135688483715
24.7832733735319
50.8723798752576
20.5381201580167
14.1535814655151
41.6985722543133
6.90204276965282
20.9263072349131
0.660843290999017
48.0779808783533
56.3742587342858
27.5084223890434
31.9027435034513
47.1703595931325
49.1439926438034
14.1405435824728
15.8444979228079
75.684513890037
27.5329582431074
58.1569775007665
4.07714890555792
73.3479011803865
20.298234280049
21.257803234765
67.7318565547466
44.404268006596
37.1506304224953
6.62083396425454
67.3231683671474
41.3250498402306
5.12359621764518
38.6441729483335
58.832882437855
34.6955295701773
34.2657387340637
14.1330541111529
58.7708093406032
76.036963891238
50.761358799885
42.837122362107
65.4554524458945
35.4203509460683
11.1619173549116
60.1829585619271
15.8856460824609
51.8747283145785
50.6276032887399
40.9420779906213
33.0096241086721
33.5290779359639
6.1359244838457
26.2083429843187
24.048340972513
22.5598705932498
32.4105261040558
23.8397279754281
23.2123252004385
39.627983700484
66.346462443471
49.0199876017869
11.338590271771
26.9051986105882
31.8208192020065
27.3141606914116
18.6041368455221
45.2442346423642
7.36512374132872
9.51081728562713
14.4769901349635
52.124347537756
45.211183390174
61.4577106200159
26.9710807129741
39.1723853654476
28.2573600802018
57.2300001047552
57.5068004991832
34.0358723886311
22.4976643874978
34.3306425027549
52.2953401319683
28.5748657697096
44.4852124899626
47.3544574342668
19.7689063312879
13.5165337473154
42.7449988767276
16.0478868290368
37.0235872454941
6.15136143290828
26.4936636202037
6.55128862708807
37.8354198957416
38.4761416353285
15.5599251389503
33.0746830441058
77.8573847192321
42.7254141485413
35.5726362022957
68.8984220847487
34.0855520218611
17.7407986484468
23.1053329072893
64.0226703137159
45.2813682155555
47.0493085682392
73.6954342573881
26.6536979004741
28.9533993452263
12.5992728861591
50.0492547638714
5.08280208937496
42.9025830131791
67.2562771476805
32.4134103283812
57.4263532646
55.4131691344082
52.3984285071492
27.3779571848842
22.7893929928541
5.00116515904665
65.3618779964745
53.6188079975545
0.877752527594566
22.8180800585213
3.44184041023254
21.0705655358415
51.6076778061688
71.391982678324
55.9738853321189
39.705384336412
9.06894281506538
11.9450453843623
45.2130638062954
31.3651923090219
8.36857755808675
34.756062485618
5.07368814320727
8.70196567848325
25.7947693578899
46.7796954461269
45.8063749596477
70.757055375725
41.7035500518978
9.46618244051933
28.8456689284402
6.18511300309117
27.1683854197876
13.4036775892254
24.486476626419
30.6221155449748
13.6814934201539
41.8945116922259
42.3478800803423
0.5616953765981
52.5647007091968
46.0299640893936
35.4867643676698
31.2287821434438
55.5133113290355
1.68150523677468
47.1666299971637
2.86043006926775
36.6524557954138
16.0044857300818
28.9680428802967
43.4628469869494
66.054314468056
35.7195139010313
28.4540807828307
45.0895225294638
1.18428200989858
66.8670973740518
3.59919974097963
12.1469764629334
13.3128253743052
8.5527374341541
26.9965309649706
37.4042688992273
19.6364426209226
26.3991583138704
16.4912545122206
35.7862279750407
24.3626610375941
33.4112106822431
20.8511478749474
39.7819759792093
28.2152709551156
53.4189430996776
21.1408190429211
63.7429350987077
19.6567063641622
23.2720226980746
52.7919604443014
52.2050626149468
31.5309495665133
36.9556963443756
22.3019737750292
35.0053851492703
2.8925615362823
1.4960731536475
3.35795144110204
59.4297428230891
37.6471520401537
60.4778952896595
0.482637457372379
11.767369415611
14.9508455768228
48.0534970760345
28.3645515330136
31.2381834723055
36.8924368172884
53.3345786410281
4.31626802310348
15.6672815792263
33.7651870217221
28.9239800182557
9.29271169006824
44.3084471594417
5.09848184883595
15.8488620846601
58.4321684204042
24.088460765779
1.79584643782296
27.2085553966463
15.9722137209341
40.3513975123077
10.2344221623544
41.9420768259631
33.8498643981319
24.6516332961619
50.326800532639
17.4392413173651
65.0481051765382
32.5392639264464
28.6305456422269
34.2705899849534
52.0024590194225
1.95698905736208
18.4809071943164
37.9135445525605
65.0045473679167
52.0071874223657
21.3349846232511
27.6180002838373
38.1195029243827
53.5504943691194
75.9028851892827
55.6379746453845
1.06290923431516
22.4978806450963
46.6787706129253
1.21430682450458
47.9705786332488
42.2739141620696
40.4488450970992
55.357229989022
35.26860633865
0.70490361175273
25.032966863364
41.2169435233965
20.3645665334027
3.16870784449813
42.3906112089753
6.97975875809789
80.626630410552
41.4354367181659
32.0476520806551
62.4175532720983
5.02485883670736
28.5572127016878
44.3788997563154
34.1294629595325
32.0287414094991
30.8260621502995
34.2535775154829
21.4031630195677
1.76494941115379
48.4374179504812
0.301885502889592
4.97572170273379
57.2894397661924
25.9204013594477
56.9589275347849
31.8154410459101
8.86940888764592
38.1356252357364
17.9812613874674
20.2195349603024
2.17002646718802
75.3263234160841
37.6400765897798
56.5581457826734
44.3471723204201
48.0823596329831
73.8893840461969
38.6054367758334
9.86159825697541
55.4576763883233
68.7618383206427
37.6004807651043
4.97969947755337
19.1620473749936
46.2961571291089
60.4703777469695
5.07743862251207
15.9505911171436
67.0231704600155
21.3699341751635
22.236950785003
30.709088128508
17.3324201487633
47.2360665909946
12.1809967793524
55.7886017486453
48.4241134487092
31.3465813174844
22.9730569757521
12.6494687981904
46.2994603440166
9.06733032315969
51.7561954446137
73.3429123647511
24.3949689902365
4.41408650949597
68.5583834678575
58.7963539175689
13.3393995463848
49.943845719099
42.2912302426994
19.643961917609
36.4250615239143
55.4614341851804
44.8303506709635
22.7550114800311
38.6575585231185
33.9751847487741
30.0714313052595
20.9905781783164
21.4241207577288
61.6244575940073
51.2498168981097
62.7949483692646
23.4074062189454
11.1102695970939
15.6882033853477
68.3533851057291
47.6164007632659
29.3106668628752
53.7035139835558
20.1182403601706
42.2237697057426
33.0655853242484
54.6238488517702
32.3174707980329
88.2109704427421
40.7923442311585
47.988785803318
34.9602540023625
37.6888699829578
0.451031222291158
67.7132197655737
0.728342267608463
26.1098269373178
12.2827243059874
44.3395956419408
3.11976498687604
49.3991495407076
22.358656059114
29.3964486569166
29.1731808334589
51.0845799389127
52.9148134402931
50.8688528090715
11.3275828180744
50.9998710826039
42.368495406777
37.8972103819251
41.2636590190232
13.5489949122077
8.58965814113617
1.92244783749549
0.161429155618962
26.6081579125426
30.9055705930131
27.2218542159842
19.6254620328546
16.9898862950504
26.157136082911
27.1204370073974
49.5262741111219
54.5747895815696
54.7695253664336
12.0441583916545
33.8067518547177
36.17641646415
39.4306508824229
34.0834115631878
59.3557971529663
27.850679318243
40.5435767024755
19.9908839538693
35.4269661865585
66.0600326023996
1.19676488681638
48.0776117183268
48.4230475500226
28.1621104100396
38.6280813254416
43.1009956853756
10.5019209906459
23.8656412810087
63.0238872021437
46.8710691668093
29.9161412753165
29.3555018492043
20.2473782002926
49.572697468102
49.5460126824346
14.9304350838065
29.4182687955359
16.9106747873
37.8487982787192
28.4728053025901
33.6744313357253
16.7183037255358
54.6613516286016
33.2452409520068
63.201514352113
36.0569722140326
56.4708666875958
53.0194871555384
45.75180914253
23.0508868427397
43.0045964634177
49.0552329834237
30.4552498273551
38.4743957517709
19.2116124324549
62.5472263433039
1.50938704609871
5.16142696142197
36.0628943666186
28.3533479087055
33.8310262188315
20.6965962424874
9.67824941139788
9.40158374831146
72.5792449899018
18.7042870558798
7.94904860607733
22.1237052308812
27.5680067017674
54.1164562106133
11.755761038512
31.4825927838683
39.1279957257211
62.1918789111078
43.7006199732423
40.0997139030332
40.2918118675703
46.2074067443609
30.183501727879
19.5027752779424
20.4664338325665
5.71618663392189
4.94439443573356
57.0760913193226
21.4989321736279
42.5628421828151
7.80051359906793
39.8537529632449
42.2099024057388
25.1109155502964
18.4696135928018
28.3773905236763
67.629855312407
26.2135578538282
77.6427712291479
72.1020497381687
31.9921932475367
37.5551903154556
68.3756884916426
76.0184439830482
36.6034471429884
71.1798710748553
5.498785360792
14.045562264792
20.0706711497983
34.9288697354496
31.8243467751005
51.5903395600617
7.34063629060984
25.9773175199438
6.80830086343914
28.1124027445912
21.4119157753885
35.0375736132264
39.5674783736467
50.8297198452055
10.8669022098184
71.1913479492068
44.7072269194116
18.2775683701038
36.6060701198876
13.9261441517153
29.8842771910131
15.2126775123179
13.9360379427671
45.7162418402731
40.6513602472842
20.3653853386641
24.3191042914987
20.9935541512669
10.3971992453224
56.8031022141945
69.9354487471282
25.6771363167568
6.54928619042039
44.2363335750997
51.0334136031342
52.1389803849161
46.1081736721098
30.0434620119631
38.7823073193431
17.8195486776531
26.5959894284606
20.3814326192013
55.6389234960079
2.70081264898181
40.5382359400392
29.1354053327391
19.7589290350871
48.9125600330361
54.3936435133219
19.6958393789828
56.5763420425355
13.6035132221878
19.7330051331383
26.6318812966347
13.8423564843833
5.97787165045126
8.09693047776818
35.5885498207649
1.0031757876277
42.9571078158915
6.97997715324163
14.7176050581038
53.6623451858759
36.7072889581323
12.6473030096614
0.492575671523809
5.3170959801461
8.02751707942656
29.6171304110406
8.98939054459333
55.9970297850668
47.9054255411029
41.5304148880712
10.630367230624
38.7395740486681
7.90322530570617
26.0728222317994
3.20856606363274
59.2610566876829
4.72164852544665
87.9892162047327
5.32218376174569
4.47321854431587
26.167374533782
33.5976456291974
23.8661333217413
45.0898371636868
44.7300309736149
48.3860445241502
60.3274360025327
59.6954708918929
31.9686621821123
2.23684450611472
42.5941052846611
65.3965559240586
38.9257130213082
18.5567565262318
20.5066630456176
8.37917188182473
15.1406357996166
68.6074700206518
51.101702824235
7.39792482927442
29.9628144990245
42.8240347653627
49.8289893090274
55.8632017113268
47.1508683636785
15.627502144409
44.6980214674362
17.8742259740829
37.4059996339411
15.4116413320118
33.1515041179955
24.7422209940851
39.086149353534
27.4629138410091
26.0507530770391
14.4237312488258
28.9813627488911
21.2250835983307
5.31662199646235
31.9836596958339
40.8491411744706
14.2994988709688
43.5275752097368
29.9827070906758
25.9530820373246
21.6581790708005
25.2951712573136
11.3218679092824
48.7177414819598
60.661337338388
50.0396874733269
50.4182429052889
33.2606402225792
21.8083436600864
58.0299493856728
35.3332275080629
41.8938071466982
29.8798388724201
46.4817262254655
10.4377170163702
22.0626831224877
60.4780823923647
25.298307929188
56.4704106275367
15.457914583385
0.683614704757929
61.9222408160567
42.0975089782136
19.6227183959069
19.0997024998069
23.344299779322
33.9914605494896
40.7905999571085
17.3410644754767
33.0512984111391
12.7392636612058
27.2618811577559
75.5402838811278
21.7823545158109
35.5901593223875
55.1001993710715
44.6056202985346
22.9413108900189
37.6873851753771
41.9493115507066
40.7212802546474
1.77142971883344
1.8385585730102
34.4902846030891
80.498326701413
67.481826338917
24.4905826388708
59.4964827410877
3.83215661408886
28.5054259933531
5.60302492231131
52.9548958687648
55.8766711503267
21.866382604451
23.1905225664377
12.494718447136
39.7861484438181
52.9922641813755
49.752292688936
12.8495194017887
4.52243406325579
4.17154652270035
7.60773171749256
36.095218360424
19.5136782033995
42.8226471869117
19.9638574372252
60.09113304317
21.42774401208
78.0800580978394
11.07992246256
28.1287529119576
36.4642588421702
47.2698396720014
81.9208999049894
42.0234162899936
36.4057024009526
57.1497554890811
16.021678596735
4.34442786499858
24.3080110905954
10.0196874700487
0.688198953866959
28.6881567378248
38.0327731017542
8.60392358154058
19.2217205803468
19.3994911239127
10.087550564006
39.1068554905325
43.4068344650972
54.3361157096358
15.4723145067692
72.7190692356403
18.0133183819191
16.5997762044328
1.37877622619271
35.3067640215158
17.382933665067
41.6033172048628
26.123708859086
7.90810268372297
35.6988418191768
13.0537587217987
44.582159910351
22.3822883330286
56.4085914664396
12.8911573439837
71.7535620555282
40.6371017866218
25.307649776812
51.6365489743911
4.42912975508866
16.9301813078771
34.3183154240251
39.5083363986581
42.8244789130986
52.2831762209535
5.54355857893825
9.14746867492795
41.9571546837687
36.3474582235793
23.1020595694
63.1380276754498
48.2351984828711
21.669379864068
21.8424082119477
14.6264367099677
27.3165373570683
79.5221367092554
35.2318106219172
1.84141425415874
5.25917345657945
5.72440242394805
50.847493391484
7.578993503592
21.4155983994248
34.7233948297799
18.7404278871598
1.33654286457731
20.6097292806637
28.8704458284907
39.741237529076
19.0103664062917
81.639826018207
41.7944680899382
19.8793892748654
26.5889925294897
8.39287508279085
49.6106347069144
12.2292792717032
34.4884051010013
57.9674193635583
37.6602930016816
55.1852932199836
20.8929502405226
22.7137365508751
21.8659530393779
44.4053500890732
17.6657107658684
45.9016213193536
53.7626788020134
31.7453311756253
18.5332244262099
23.0689800746766
40.1155435480177
63.4668339719805
10.053073707968
33.4396894089878
64.0434348538586
26.8585607409477
12.1924204751849
36.7915533483028
79.1378689311767
45.076649915427
43.9823838532551
44.6877873094303
1.30527401342988
31.8009397946298
42.0794878534987
25.3197406418622
74.7809398919344
16.4773061871529
41.9850807636976
24.4025449174409
35.8969917520881
26.374389976263
45.2914084307849
17.5545777194202
31.6549858896164
2.62961015105247
22.4691089242697
49.4974549238571
29.5014344155788
35.4738764464855
8.08537602424622
12.3516124673188
3.53369247168303
30.4986773990095
22.062388141332
2.78019380961696
23.9362870343029
11.1070176586509
46.7475556768477
26.868875194636
25.428551155457
70.981555711478
17.6861650107813
64.270992577076
41.5050510597643
13.9632026664913
8.25729481875896
42.9845849983394
68.0059111020212
11.5571834130884
18.3247450840192
28.4479966953764
30.3074817173183
60.5481533333659
4.19526644190992
7.78775634244084
22.4465277045965
56.9730090908706
59.5971298404038
79.09578923136
56.3313965685666
52.1821245551109
22.1034419722855
11.4432555623353
10.674268938601
7.45720469613697
17.3566001469085
19.6927648037672
43.2746677370728
11.3820109566399
47.7833200246096
7.92875001206994
56.0653114691377
37.2752984513127
37.477258220315
23.2776590529511
19.1700175073281
49.2858091369271
54.078118596226
6.5784029955896
13.1677148713734
29.3884105980396
30.1521125472325
51.9436484202743
30.822223983705
36.1788441675055
30.9385723434389
40.5780018307269
5.08097930014142
32.5524662621319
45.1561553403735
52.86212163046
48.9431551657617
13.782915007323
15.1107424134318
36.5412444460601
72.6183651015162
26.7819062806666
31.1967831104994
8.0150599591434
34.56364069134
81.8911033682525
10.307985637337
30.3768426447666
13.4066135622561
19.4165235385299
38.6557296638243
17.2676585353065
39.7434277459979
31.7684762338776
47.0278331078589
34.3863908201456
1.7982336692512
22.3031152971089
10.7380824577054
13.7814009562135
37.4106020048798
40.563140809536
51.7094776034355
2.80003054067492
48.4259723685682
4.50591193512082
37.8826844505966
11.2300831824541
30.1500026201982
54.3945119716227
57.4855385348201
38.2901019416749
17.8570083342493
56.3035859726369
40.5855415388942
38.3144121617079
50.1105947420001
48.6258180796352
99.8500598594546
25.6964727304876
31.8300610626419
34.3626025132835
8.15141658856822
44.0493584610522
47.0619459329824
21.7079542906119
16.4608215530007
30.5204308591783
60.7273680157959
41.8169809953908
35.4068299381832
35.6738716363907
19.0546586178243
34.2855764185162
13.4741669520736
22.1888640473254
30.4022781284149
52.7349148876965
53.3423138028619
7.74805126711726
44.8896137066185
16.3645484702656
49.8426945880055
31.2236421741545
0.799058117169079
47.1499776467681
38.568065688014
32.6350256800652
30.1375352363272
48.1572624138879
50.1711734570563
18.64541657269
24.0944003204745
48.7516261637211
18.0323290638626
9.14263827726245
13.4870922192931
33.6402226239443
22.5028809159994
41.2523571101751
15.0871978141367
17.1333131621298
54.3386600229698
27.4717996828258
53.9411639794707
29.0316192520059
56.7224180325866
29.1143598684567
4.58864839747548
47.8434409014881
28.753527905792
20.7954925484955
29.8743285238743
4.87555970386527
36.518291477114
8.30828504308894
14.8275207728148
59.1046446934342
33.1428496167064
2.42637642077364
43.339233379811
64.371887780726
4.81117641124506
48.5136072151363
47.7878828532994
33.8978017892937
29.7718591056764
31.7307977937162
51.2073231180508
3.71575732118167
9.24062402918935
44.6016630115578
17.7050079219043
17.7893402054906
25.2727810293436
27.0981129258871
21.6738347895443
43.6055375263095
19.8644391046032
11.7341570556164
34.1966248009881
68.8115045428276
26.9722223057098
71.7803339473903
40.0584084913135
57.3605155063194
26.9284617754117
35.5368009464266
49.3974833749235
64.0543797984719
56.4399526531638
45.7224193960428
30.096241876901
22.4227435313718
46.9398214481771
47.4320757248642
52.7860730886459
22.9041467420757
58.821106236428
75.5272034555674
7.67654990777373
38.2705112904927
29.8904037103057
76.3922139070928
8.5688459745184
3.0003510415554
96.2264309637249
20.5992577597499
46.4442410506308
67.264100164175
9.91237120024078
22.9844645597041
41.0010199641598
41.2145451674742
25.2398657612503
19.8525027126342
55.3367142869334
43.6673819369422
48.0362164980271
46.8180576339364
54.4400128535926
71.0838729515672
44.4272878579795
50.3103808499873
32.764561381191
8.57989216183986
68.6538301408291
64.6319941617548
14.0804820694029
18.0638407556628
19.1495262086391
34.2284609563649
57.5638484209776
15.955834988289
28.5643301751119
35.998796210614
2.4279591323361
31.2010716049783
5.72161832824349
18.9666151380228
60.9396302141249
12.4083545990288
34.7314552989844
35.4484292207294
57.9068433493376
30.4470418334935
10.6232640333474
42.2693948752776
60.6110732071102
25.1680030057912
20.0717631727457
12.2062923995477
39.7419415414333
22.6441255169374
41.1451273597777
15.3414791449904
45.8489359087724
15.2374593541026
1.79496649652719
55.7547556236386
13.8452433022952
41.9844924952443
19.1962966519292
65.459331125021
41.0508569329977
40.0228625163436
33.8117956183851
0.459560379385948
27.1962841972709
36.1226252263927
17.4134257699124
61.1347116962804
33.104898091304
65.884701628238
32.6526097021997
28.9505522698164
0.391865707933903
7.57402284070849
52.5816143070056
6.22078543528914
18.0563051313609
31.6960915572361
10.5402776040137
26.5948742628098
34.3986633948485
31.9578682072461
27.8168332763016
15.5281887389719
19.673188123852
36.7556154727936
59.973381459713
45.207494979888
9.33046110944072
9.01783563284429
17.2566012446348
7.7089867554605
16.4317334070802
66.1752006039023
22.8427238797552
7.03232865780592
40.6778557943562
33.9798278175294
63.1708803586662
34.3073724240847
14.3403687041028
30.4688419215381
21.0136353038251
48.3447034843266
39.8013088485536
6.87311237741755
31.7715032524511
43.327185679799
0.959013495594263
35.4167597869281
51.3859314803997
10.7240384626591
5.88934058323503
67.3449587076902
28.7421064451337
61.0012530349195
22.0665134555379
33.9608321897686
22.4123476324127
5.85036965287895
18.1185879744589
21.2992878630757
43.384463340044
56.0475072823465
74.1559299333153
14.053953750821
41.424716077745
24.1127115202137
53.0765751274681
27.6090265251696
7.99432048309103
51.3815448619425
50.9217919781804
4.23063567984211
45.4953288659453
4.08565187826753
17.1091448515654
54.5428355224431
2.95606032013893
33.8326497003436
1.54132358729839
47.1351590357473
43.847185232803
0.823980569839478
36.0504400916398
55.4189706165628
37.2352934442461
32.0124220668667
61.5856206975877
4.10670105312771
42.3600221984088
40.4850976323623
62.8099934197962
54.287496688969
25.2429728396237
57.1971893310547
46.8812759034336
13.7024729512632
53.6181748844683
62.1693950146437
41.5014380812498
42.3678486607969
3.14838170946792
31.6075193695724
31.5880047157407
45.5778769217432
8.76997919345628
10.513359622537
0.245461985468864
24.6388001311058
22.3405969329178
20.2393217943609
30.343562271446
36.6875283420086
13.0871884524822
34.5729449365515
28.9411210455
61.2739648470809
14.1502564317309
27.8925655409694
20.8441152237356
36.4290142431855
7.55203552544117
39.0916629765604
23.6347769771983
35.4733127968626
34.7682470455766
10.7008552484125
15.7238730229437
5.92308178152012
24.1541885770857
49.832590483129
21.8628019094467
106.109516974539
42.8013471202269
8.25578052766995
72.812469676137
12.112529296428
8.81258910521865
39.6461199048606
62.4937865507037
10.0329611450434
49.7344653122127
5.76940402388573
13.9148292131722
21.685531203974
20.6414789232594
36.4085337147117
50.0373783413864
7.75418238912558
55.2197757177055
12.624195497483
52.4054882116616
1.45334200933576
1.6995977243594
50.2481625987812
39.7923608070954
21.4261059649289
15.1013707742095
19.9590140022337
20.9802648983896
45.0713602243599
20.1840926145556
72.9644946545991
6.82337898761034
78.2939744181931
37.8687457299092
47.3596853204072
61.6925085894763
12.5318114479109
5.24819539859891
11.0632132761375
33.7626507505774
5.07801845669746
44.4911940023303
7.42570123159954
68.1005372665823
51.5685697456079
72.3856088705361
34.3366544693708
27.9456377029419
65.3991382276345
44.6859698742628
40.314831957221
51.0904812254012
15.0046162307262
23.4996058046818
30.9052028693259
6.888806540519
16.4630940183997
13.9431890530958
42.6022232526278
14.6383579820395
39.332855027169
44.9317418038845
22.9663743637502
37.9185189493001
35.3077955543995
24.0651817898459
41.7099774815142
8.73175723372714
27.0597601309419
34.6455345732914
1.21095972135663
48.2921553775668
49.976893234998
37.7182653173804
26.5594822454235
30.066483002156
45.7633915357292
14.7126197814941
40.9940285008497
52.5185633841333
35.5279693379998
38.3903068490326
15.9612731076777
6.43340883174195
11.2824946641922
51.5497737564147
8.11631176620722
7.40135414525867
49.7301968745887
21.938612125814
25.1224102935999
26.5739168040454
49.0956977009773
65.1694911532104
47.2207163460553
49.9109507538378
31.2258383377169
42.9774592630565
39.8694074712694
24.5857482776046
73.2371415181764
13.4537041531942
9.85644860193133
27.5590876538666
29.8788614571095
12.0630776121254
60.6188751572296
62.8396923653781
45.2605435624719
14.4598413258791
63.4799259714782
39.8961943998387
53.5748148337007
26.6148084319914
12.0935202871145
2.66077127456644
12.311083914464
60.0630895234644
8.84634582325816
28.0526335072755
36.7599344824666
12.2261728160083
37.4031796120107
39.6207299083471
35.3586610406637
46.5618461980041
48.7554812926822
12.3932339876141
24.2266658693552
8.18006508052349
54.5234584249556
69.3854899145663
29.51606111601
43.5493575409055
42.6172961480916
10.7989305630326
48.8663726137879
25.1245116814971
39.7263692071083
28.2423788849327
42.0163839124143
51.1630739757892
17.9833134636283
84.8081755451858
19.1630738465228
49.6497662737966
67.5915135070682
37.4023199384939
44.8122982129314
26.0421958751976
45.5740011297166
27.3382797825166
66.0359725356102
24.9882416379884
38.6232544668019
59.7547276876867
28.3419254870714
39.3609428778291
25.819923914969
39.038553683604
25.1674000173807
56.8391525186598
20.7183931022882
38.7109585992464
11.2913494929671
45.5593411044659
60.181681291473
56.4354871399701
1.63860796019435
19.5142709650099
11.4053915254772
32.7358857999772
59.8964230157435
4.69330014681984
59.4159370981918
15.702939370874
40.4675563079405
51.5631744638085
43.9513990655541
26.5123715051402
58.3086336031556
31.9140705280006
15.2430887316903
11.1913952976465
50.2219221222427
23.6425866024883
39.0458434820175
41.7581943399879
66.4794581170556
25.8878977037966
53.5416877828538
52.3882572539151
71.8404605203572
26.0327042080462
28.6925972387016
0.205510359708678
52.7644507586956
2.62689497321844
3.98121010512114
12.0709353949691
39.6207849323534
38.0746781460345
4.92991111957189
4.40216885187383
55.0889862701297
13.1913786754012
30.8877542614937
17.4602568284237
28.1471078284085
76.1336623691022
66.1170539446175
27.9336016625166
68.4735370881288
53.3982584252954
38.7503286260208
10.5898483656347
29.8749171833313
37.5844681635499
68.1887846440077
9.65466313064098
13.2723400369287
18.355990169724
87.3842909932137
1.18644209578633
40.4757546795965
19.3089171312749
9.69676595856152
49.7559420764446
42.5150465220213
23.6678926223643
64.2717638247791
37.2399742715061
23.9182442426682
6.89653005310573
9.7624565474689
12.1286557987332
37.0851334184408
84.2472393065691
30.0367396363988
4.97797839410935
62.8292999230325
62.1612767814056
56.5629607066512
26.1443016119301
24.9705199809572
56.9498551939033
39.3276754658253
24.8807290568948
37.377558182925
61.5190711803734
58.8676330633461
6.21269149788417
16.6673644445837
32.0194688625634
37.2804042883217
44.1635716706514
9.29988594725728
3.02618490532041
41.6378757903972
21.5164072007202
70.6248795613647
46.9933656385376
32.4294564314187
14.1941158100963
26.1822170577943
26.3526535565406
13.2625438272953
36.0904289967229
53.0787703308142
12.6000330783427
17.4333688803017
31.7495587281883
52.9838491455213
1.79386791119187
31.6758357919753
32.9856449738145
34.7040217369795
62.3580199164231
32.3273114003729
50.0363850034773
38.5560614988208
1.93754062056541
50.4261243157089
40.257765542172
61.7393906228244
6.37551639229059
30.5551602865477
19.7324368171394
17.0279055726628
12.9879502758525
35.123008210212
59.7318635620727
69.1598135388192
31.2746192929999
17.2896446660161
16.5419818464004
56.8963931873441
2.06642336579304
25.4791056449956
29.4282305054367
18.4864203854192
6.0904118232429
18.1906646117568
70.789379812777
58.2066562826244
54.1234391056828
40.5544806271791
17.8414432977108
15.5622080899775
5.15436747433527
42.0518311671913
22.9481565766037
53.5140439302511
34.9738516844809
71.414908614126
33.0296130850911
31.973799970001
41.7003996670246
52.5622823414224
50.4911887459457
72.9331191629171
24.4600629505282
56.7107006501924
47.8323400020599
31.3525442034006
42.1570811310895
22.4340436048806
20.6100655120565
3.17014088677304
19.378724321723
8.73290421441197
11.1661113798618
17.7380766912198
17.1079074380422
38.8012595965967
63.2851979695261
2.17822971269834
65.4330050572753
14.4203354519094
49.428975302726
48.530464702891
21.9001357443631
4.66793806148071
52.7812987001272
9.50292311608791
43.4145553968847
21.7231548391283
75.3727569600998
29.0622267342804
27.3649374093403
30.470815114677
41.3545940071344
24.4375752285123
30.3739959910796
39.0132108703256
68.4921322947821
31.2056081369519
4.54035430580933
50.7159070111811
30.5649111047387
42.3522604044182
14.6853509893437
15.4201378114522
