"x"
66.5587643277831
72.9444581549615
59.6857267857212
53.9443727931939
115.695661783684
15.5265671998562
49.1320954519324
89.1931338415834
69.0581390393258
29.5148180797696
85.1533631677739
100.738546520006
67.9001221200451
73.1625076965429
65.4957311809994
100.894644041546
53.8088047411293
73.4568284824491
64.4276693230495
72.2638719831593
52.3016409482807
46.8207402954685
48.2740247622132
133.20404588441
63.0027377538151
73.0655791191574
43.4261286398396
39.0301989857107
73.1927490047121
82.5992657802999
62.4599501839839
77.7004042174667
72.1944264834747
78.7609417107888
26.264497754164
90.1002195896581
86.3449680618942
66.6842120610313
90.2396343299188
40.7100351027139
90.1100193797338
13.9271873980761
49.2292425737395
82.1283122175373
59.8941743606701
82.5485563022085
80.2490691072308
70.9702121436235
33.8981930088987
77.5191786233336
75.3046081052162
65.1246335903943
104.768732271623
30.5910375834449
32.0177546120249
68.6826021759771
54.3083483469673
66.7011422452764
41.278233344201
76.4647956355475
10.8593222801574
77.6670622872189
84.313874237705
33.8936209096573
22.1745803602971
44.2034189963047
0.102185376454145
64.8442018311471
90.3841237421148
109.874351858161
45.7786749818678
48.6929028178565
90.0809584418312
32.4637519661337
61.7633886866256
62.6943324258165
86.6528908722103
56.0411723041354
58.5963567369618
97.142721246928
62.5103621741519
91.0506764776073
94.7525491355918
47.2515114932321
45.8399889641441
30.2942028734833
93.5287712141871
80.8977188193239
95.0273718801327
65.7894519506954
65.3821156257514
53.8982769125141
56.6217390065649
58.7338750250638
82.1420272695832
61.4939312567003
24.5012541486424
64.7929302300327
90.9551987657323
83.2361887325533
36.218168247713
108.654018223751
76.2066718074493
69.3128109443933
131.382644564944
69.9744978686795
58.5659507545643
62.3711873893626
69.9975030921028
63.6160005931742
46.6528374469013
84.8960827686824
10.4803800582886
86.4483354613185
102.967789198738
69.6933401166461
49.8381702021028
65.8430266426876
68.7101721181534
69.2390938638709
30.0026089302264
109.392722521443
106.519601249602
56.5207655541599
57.156290855659
22.2311287303455
73.1346942464886
89.5771789434261
65.5216746497899
30.8327452512458
74.5874762767926
58.73741612304
44.9539253987984
60.6387155130506
81.6955303773284
9.87324799643829
96.4452959131449
50.5816808161442
85.1151548558846
41.1415704478283
85.3525639860891
34.0076960274018
86.1725545488298
101.028773537837
46.1042659124359
11.6291114241062
75.7567643653601
33.9345455518924
30.6278673153943
78.7953314487822
90.8159131989096
57.0137855014764
67.088074807232
91.9090512081527
47.9844187851995
54.8017325219291
102.73096394783
75.2132807974704
56.3494846806861
49.6889832662418
32.3582205804996
47.841103199256
91.8727742275223
15.6488434993662
66.7828959296457
51.8573237699457
70.8975158515386
42.1830437728204
30.8405930411818
12.5608647919973
71.6822030837648
77.6988073252141
84.3549052253366
96.5218207566068
17.0193527289722
115.4919814202
77.8526455163956
78.0515079852194
78.4302602522075
62.9192518768832
65.1857626275159
36.8773183319718
91.6709877899848
43.8746627187356
67.4175532767549
76.5452151406629
93.3855382259935
61.6573134786449
64.3493243842386
71.4437501388602
68.8634350663051
41.4272744208574
102.642299188301
65.7143517491104
66.8477021623403
96.6232560504
58.9252619422041
35.017484987801
90.9239898552187
53.9013719302602
55.5029349867254
88.1850609905086
62.8054332919419
30.8307386236265
47.3050076281652
39.2990690772422
64.9042261497497
24.9108483898453
75.2972199930809
59.8589303341385
100.771199120209
78.509662207216
63.8625774299726
41.4877789714118
66.9304281240329
87.6715029141186
74.8179036076181
50.9389584640208
34.2062172945589
66.5778047172353
37.4832908622921
49.6614358155057
76.1947301565669
116.144679510035
71.7609417857602
61.7712135543115
46.5462239342742
55.802840332035
11.2123984100115
71.205007575918
83.0830306949098
64.5688073476776
57.2966896812432
105.293659179006
84.8161495756358
83.6692953947932
82.9830484839731
48.0681128686522
72.7438817818024
93.0493161315098
79.0437491610646
64.6553927101195
54.2063369532116
77.8437875560485
100.546574580949
32.5992190398506
71.856686542742
55.7376984613499
132.556178157317
77.8590639703907
17.2950579764734
64.9803294800222
50.8699868689291
66.0569241503254
71.7311986489221
96.5466723311692
82.2821591282263
83.9180208160542
43.1057114270516
95.6889716093428
63.0001205019653
17.8076267708093
78.9866711173796
107.594098511618
18.2435392273441
68.7203986337408
32.5253867427818
70.7221876853707
84.799374465365
73.8082533236593
52.8205421054736
77.4100212263875
56.4364096149802
75.9551897179335
60.9107963433797
19.995873584412
107.514634379186
115.623960050289
69.0199721363979
113.846647087485
45.5301577225327
22.9317720513791
66.1553067620844
76.3077521696687
65.5092488625087
40.6822201213799
20.2484202895586
30.5731970467605
79.4717007011783
103.025681221429
97.000074503012
68.5386287115518
88.9670869801193
79.9542593457444
33.3090600354713
72.757587346573
104.107907600701
68.3897445560433
39.9504400906153
70.5588460201398
13.1562945898622
77.3573625716381
77.478863582534
86.8837810703553
56.782385331613
30.1938709724189
62.9776222980581
87.4863884411752
34.8539759870619
84.2537854216062
64.5261338960921
64.0705875682552
63.5710573923754
68.6028630938381
9.19750802456349
59.5310977310874
67.1134695759974
83.934371441137
59.8266716813669
48.6343029187992
84.3253104016185
90.2708950685337
75.4860539687797
77.5298658874817
89.9091835715808
63.5578564369462
64.2090702264373
57.1566241560504
111.526055994909
26.077691919636
73.9383172476664
103.409175237175
29.6735805110075
70.4191034426913
78.6199181843305
55.0827679107897
105.02783912234
91.9118787744083
23.0141705833375
69.6279009454884
39.7143917740323
62.6129105570726
113.332943164278
63.3460906748632
32.198750320822
73.0831918124606
68.5193782090209
67.9824799066409
57.2391552734189
79.0758183691651
56.0428053156495
34.6287812518587
59.2892740038224
91.1011310527101
55.2716132136993
43.010277904893
101.66732899379
66.2019924680768
60.5500265909963
51.2241051903823
117.354557965882
90.9149378654547
89.1750213224441
31.1624555033632
67.737714771647
90.3993946346563
81.0414091334678
27.64222958358
71.2968835607171
58.5272673517466
51.970162591897
46.9761760090478
61.3312242669053
89.617650860704
37.2108288225718
61.1534311378028
109.320482704788
26.0333394515328
71.890405123122
32.8654164099135
75.2430144813843
31.161446403712
61.4179975019539
32.4172783248668
69.8435918195173
74.5105425943621
43.5271161841229
73.4892767854035
62.9654935444705
71.4132872759365
98.6972617101856
87.3726356192492
56.0411884588644
75.6605743430555
107.220121927094
66.7000157353533
60.505784500856
64.414391409589
84.7744630766101
93.8712850445881
87.9278664011508
80.3401736193337
89.7459354018793
57.3991609271616
31.9485709765428
78.7274645874277
56.8298711972921
24.7091071796604
69.1818626830354
47.7062216727063
47.0148790170414
44.7778008381388
59.51209719869
36.0310711315833
98.2915894710459
84.9510763771832
100.158256932627
69.394144800026
75.8142839418724
42.8900031140074
85.2292583324015
65.4623027581141
52.3241029703058
69.9524395517074
80.6451935670339
44.1872604889795
67.9762761836558
61.9509148644283
63.672109239269
66.2740195984952
90.3594939038157
45.1918517472222
32.0805348223075
100.608988467307
68.114425370004
54.2063395345252
68.1397432344966
89.9351366562769
93.7068987754174
73.7152042798698
50.7931310101412
81.0621417593211
49.0055278874934
105.088313063607
44.3550792289898
66.614715452306
117.833876388613
49.8470967053436
71.5173775795847
69.3223492651328
109.630081453361
92.1090304269455
96.7846325016581
62.1734777698293
80.7177479378879
48.7857223837636
16.6671209203257
98.2357836444862
53.1757666147314
103.017198084854
66.2230089306831
56.2510558636859
77.9090021387674
36.6927780210972
52.6586019154019
92.5708060967736
6.01570445631496
65.3542509776116
60.0254327757284
104.821372020524
87.7472512540407
35.0845274803458
79.0808447171003
94.7201524977572
51.0025376453996
101.943758490961
70.7650661235675
105.611951684114
84.8991857725196
79.298930562676
72.5899420445785
99.3038996122777
64.3136017839424
53.9349434198812
71.3093566941097
40.7176819513552
96.0598669368066
47.2860021167435
77.6909321430139
79.3006482650526
113.754886819515
69.056001806166
23.2471523965202
87.2858779854141
82.2186102159321
52.0050229388289
81.5710121418739
72.3455976461992
67.4955474794842
69.1155942622572
76.5588466078043
36.8881784379482
95.537877373863
109.631020470988
59.2339880065992
58.4642394096591
91.4557952932761
86.3966246251948
60.2444508345798
75.6874580518343
67.7887479308993
63.0596234688604
118.043154675979
76.5879723025174
60.4010911658406
72.9306149180047
85.6104548322037
40.0687051354907
55.8324293968695
69.0548787009902
87.1801511850208
68.9490021524539
57.0804329356179
52.6172648766078
43.6478838906623
87.9290592838232
69.0605759620667
59.6044621197507
50.0788157336975
75.2828754251823
71.850927430205
54.903413914144
65.860748430714
51.4029236650745
51.333094178699
66.6586152394302
62.821514851056
117.239660769701
72.9498242377304
71.7086294665933
32.1913464809768
80.0738063524477
69.679425819777
66.3908244110644
72.5932521163486
72.1037166407679
52.3621441447176
41.7478372575715
80.8028520434164
58.1806948423143
60.4103045887314
80.3643710678443
78.2849384122528
73.740211701934
73.4177827718668
84.1948097080911
69.5411045740682
77.7735158700637
35.6558587049525
45.3269726322594
53.51038929075
48.5632435767911
98.6127575564141
56.8041643826291
69.4914303357015
18.2483650394715
69.6629056124948
75.6013769540004
62.8517751931213
42.9198033758439
73.7933416618034
92.231948796685
36.2270907964557
62.0263245073147
21.7471325990014
89.8990096175112
62.9477355050687
55.6302406126633
47.6773782686301
58.7917125783861
62.2794039444267
70.4966242657974
54.9483248381875
49.6043120394461
98.1470512459055
75.2031079027802
29.3184828944131
70.065420656465
16.4652765624703
50.9544947068207
48.1142489938065
78.0732580551754
52.7015171789574
56.1170053319074
73.3322697458789
40.4373112367466
54.087485501077
89.0079218195751
51.2488655280322
48.7531482213928
55.14028424057
59.7945715600718
74.1859253495932
67.9211682407185
54.8815182526596
27.1000552654251
88.2005726685748
103.971593256574
103.56381383026
83.8629055757103
45.4870600486174
105.995857261587
38.4625744037437
63.3642169879749
66.5572195895948
62.9994203336537
76.4048991466785
66.4125209092163
33.7674536276609
74.6496755396947
76.9562327885069
67.0789587427862
54.9688208964653
81.3911429606378
76.5600066282786
59.3357900782955
82.369174769007
67.2176711959764
64.6026053000242
47.8560798757198
67.6085838349536
94.9923809850588
34.5565118854457
38.031909408776
21.6489122947678
63.8248510542326
62.9129550885409
36.3780924111863
84.5500376191922
99.8173918225802
71.3668546755798
89.3698612956
55.465233058203
81.6765311406925
60.7173107913695
72.5751535966992
94.1555332508869
62.6387837405371
61.6399467457086
64.3936353735626
83.8668043026701
88.6046403553337
94.1603651619516
39.8817069013603
40.4939185501437
74.5143249364996
82.6490982552059
84.7314219911973
83.6667887400836
55.7993132504635
86.8728683213703
60.7439263141714
73.1363136437722
87.9050093120895
73.7175280693918
59.9085662191451
43.3045342913829
44.186090959494
62.8823569778544
47.5576019676083
38.8187564676628
61.7284872336313
50.8421562379226
113.452110555954
61.8650887510739
64.6597377413854
44.9255442945287
39.375281346132
62.9740283940919
83.2374282064848
83.5664188140072
94.5604979875498
52.2917638649233
45.8120126375529
47.7777748485096
53.4144945093431
34.7569615422824
76.9740970223211
63.2367993122898
56.7099205551126
88.0845630389648
67.4912905669771
90.4398613609374
54.2830972890474
92.9974473807933
74.634501314722
45.4242159496062
54.5162229565904
85.8183093951084
81.672522937879
105.281780357473
50.3551263598987
61.0345561689867
55.1814021659084
121.529096706869
62.0662057423033
36.7462972179055
89.5667418587843
91.0509271430783
71.9736359198578
69.2393100587651
57.4249703776227
29.7822019053047
72.8282118798234
72.402583132498
69.2496599604931
69.3842624197714
70.1769811711587
1.87603995436803
53.6111441790126
90.7753681298345
86.6028488846496
78.0112837557681
55.9625297276727
74.3929624790326
61.1224503256381
87.3043322120793
74.8427209560759
84.6487289178185
57.2801886242814
34.2617546486625
63.4877466640795
61.6304032853805
49.4721877854317
67.9035803419538
43.4864973765798
69.0293320920318
47.4700047518127
79.8698736121878
73.2929893420078
58.0995861790143
56.6206385080149
88.8239471358247
38.2953899322518
68.9146827091463
78.0006066779606
52.9843806377196
79.5133108207881
53.4278272883967
94.5325283333659
85.7520739290699
81.596485409997
70.6795697216876
56.8545156882775
108.238679147325
65.7473641637827
94.6397728985175
48.1365324106324
113.5545657482
40.3182193054818
109.547255584039
78.5179248778149
67.6986813661642
88.6288906098343
81.3780749449506
52.9281211900525
87.982676574029
81.9204978160438
47.9876487515867
23.9740933704958
89.4158219336532
55.0380046479404
69.6045851183214
72.3285185066135
99.1444055573083
116.053710028064
65.4277348308824
46.596163324915
54.3136548344885
109.127485775389
100.14000129886
48.2510241679847
68.0711508736696
91.7852790211327
79.8516020877287
50.6323954439722
39.4363756787522
47.6723075960763
64.8295860621147
77.5694587267935
88.3506447658874
78.2939882017672
87.8475496312603
40.7398574102874
62.105445319321
95.1183126773685
69.6740776649676
71.0641013109125
103.257190389559
67.4990323488601
23.7236217532232
55.4430032847449
40.9939434146509
110.495490056928
33.8925343938172
36.2933880649507
54.7702097450383
86.4393102820031
72.5466967909597
71.2059371406212
90.1897532865405
85.0062764041424
17.3112349323571
82.7020550030284
55.4463971289806
83.0995397875085
59.2677614302374
45.9299481241032
57.4084697756916
84.4629575265571
110.609716828912
60.3484087972902
65.2544896234758
34.5979326953552
59.3151871580631
86.7621545330621
38.3257606416009
40.5395990470424
30.5955392737872
66.3047024048865
70.9791620611928
64.4092525821179
63.9014135797522
76.9162293174304
49.6074486174621
64.6502820192836
91.9226080877706
42.3977999359193
84.1790217556991
50.181773735676
102.065851888619
75.1273542060517
27.4739693268202
58.4147430025041
60.1233856054023
67.2558848225925
75.8457965683192
86.4975845441222
98.5191636370399
49.1461512167007
36.6284209652804
72.1891017979942
69.6707295370288
94.6918872767128
92.1652314020321
71.6478214894031
73.2485058939465
35.008185042534
125.972236644326
76.9184850621969
51.844792207703
56.5070994574878
77.8653008630499
22.921694933018
61.7391395911055
75.6357876647487
29.3649275426194
93.4496065533768
88.9114729012363
51.759365235921
61.4154714159667
25.962055997359
41.2333913613111
64.0042109997012
34.2996244085953
45.2717098743864
84.8025609219751
83.3190997499341
71.0735751781613
67.7215032285716
84.076241904404
70.328014754625
113.200718432199
27.0388737204485
82.5944583979435
70.4726494499482
63.0608513019979
68.4934744262137
37.9107136097913
55.5273720517307
68.0061597260647
81.3611127311147
55.6478574406356
58.7556092534214
59.9845541757531
91.4642555173486
47.7105170968812
8.13632232602686
94.5454944856465
83.0568157485686
89.1436742851511
69.1487730480731
36.4997388795018
28.8444610073977
68.5865515028127
69.307999080047
69.5045292028226
76.2529279803857
90.2675678837113
78.7286887411028
76.6886311816052
33.3056656527333
54.7846176312305
64.9154415936209
116.169207158964
26.6283671154159
88.7934011139878
45.8083329743829
102.64541245997
91.9167931540869
63.6383020784706
124.825660881465
74.1593456827104
18.6605486320332
78.7628789083101
74.79166041594
82.5412165140733
39.5820738980547
114.432883542031
46.8975671217777
78.3714498946678
45.8176477928646
54.2552196775849
65.7462969073094
94.2929934123701
52.34419076005
48.7573474906893
64.504902891349
48.2279682897996
97.9184613679536
78.1724716455701
80.8858961449005
45.9537466755137
82.5028173348135
38.783166045323
65.6943930615415
58.6660594955273
71.6556096449494
63.481610691309
45.3665938577615
97.3624520526391
73.1672504567541
67.2551993047819
51.5010724775493
58.5601703729481
33.5170591948554
96.2587284389883
53.1393107608892
102.355005103163
48.0056059663184
55.2987547043727
49.2274984368123
87.6868337858468
59.0556330862455
59.932578005828
66.2369028657101
67.929967946885
50.9864169056527
57.6608432922512
98.9993890631013
75.3951512277126
54.2906511217139
26.2936473125592
61.8611508747563
42.248811351601
85.1214478141628
54.0314341757827
23.7948315218091
59.8304472281598
75.2255407511257
56.3598885291373
58.2673670258373
50.1845690305345
74.3591643637046
70.7574214786291
63.5476004434274
62.8229203051887
85.3570133796893
34.1859837993979
59.7871363460449
59.8331621292408
45.7731338916346
72.1174017861869
76.7759403446689
58.035420300439
87.7834886312485
62.8998225275595
61.3305992318229
56.1872137477621
110.93740016222
90.8960583386943
36.6049936856143
70.1895408914424
56.8006252404302
47.0925223726782
82.0118785137311
71.8818391440436
40.2457573451102
60.2613188442774
42.2219535642121
71.2946567733989
60.5420607491396
119.202389661223
95.088781171944
0.963892263825983
41.1474843276665
138.665030470217
80.8103955583647
40.772032761015
78.4812607613528
45.9940294153057
116.041193215642
58.7493188788978
64.9599842610769
107.345470553264
105.664789944421
94.0658717765473
38.5702334718216
45.1498241280206
64.0295724058506
75.3832663758658
53.5569186092864
74.087894288823
86.6837595589459
36.002888623625
83.2964519388042
72.4664527922869
45.5458367825486
67.2968453029171
35.2962617645971
85.3880941052921
33.1020881305449
44.1989217302762
57.2591524775865
125.898087963267
19.8807564218425
67.1705181790897
119.418157951441
29.4462715857662
69.8186495457776
91.5395100833848
69.8769366214862
74.385782412719
71.9389225821942
60.1725785410963
44.5818819338456
44.2972715325557
54.4723085923319
86.8659870000556
73.4642145573162
83.5020216647536
71.3101719273254
104.948549949328
62.1707801823504
71.9768394017592
106.03783329716
90.23360226587
59.1525607625954
70.3504523960873
75.3892687382177
69.8864323824953
58.5860610357486
78.6965634673834
81.8466699419193
117.67287972616
69.7290022508241
60.453106915636
90.8689702511765
68.7425364041701
33.6138197337277
49.1494209505618
8.64065220812336
80.1971031236462
68.2090625050478
91.4017495233566
71.6864948656795
23.1368962675333
108.318839210551
68.0733609711751
52.013771457132
58.9238952612504
84.1780576389283
58.0033059464768
72.0838584005833
71.226584201213
56.8097581504844
94.300780526828
56.6158288856968
78.1334197063782
54.6011604054683
41.8460026965477
93.9268014975823
53.8597503793426
79.4783845893107
89.0597156947479
71.3361634688519
73.2992382105783
83.1148200319149
63.7539655835777
75.6968608719542
64.636209141463
47.6847413512271
75.7239867583849
82.080712588504
77.0980856497772
63.5130245937034
85.1228039013222
33.4677889244631
66.7741205194034
58.5705898585729
77.6204388355836
51.5436843852513
112.700669013429
52.6028016582131
81.7335207830183
59.6372869913466
47.7417860995047
49.5976622332819
54.6139328934258
59.6328991273062
77.4501171894372
69.6115289687551
47.380478552077
101.556066609919
18.7460413649961
79.4867200311273
81.0613930270594
69.7343239211477
29.9840331303821
20.556633756496
69.0595530089922
50.3267020569183
73.7414962570731
55.3918026620522
74.995735520497
66.1136556300335
51.013269321993
105.152215645649
69.397804629989
56.4526755711995
63.5746979154646
66.9548886125201
100.163109134883
69.7084991028532
21.7187021742575
44.7724047233351
60.4375153197907
92.027956057569
93.1969666504301
61.5068649756722
53.2646981766447
39.0389086519003
60.0860876264051
80.018874251345
33.0975260352716
63.7463972624917
71.3894326710314
59.9027227377519
55.1012094814112
65.4616057989188
23.0407861876301
72.5906612817198
77.1002251887694
68.5598934418522
42.7656648622295
77.4828983005136
33.9294958976097
67.9402997368015
20.1098916242899
44.560996920336
79.5596939977258
45.5832502339035
97.4202723009512
82.0920775295235
54.5963223092258
90.2060181833804
83.4835455170833
98.141448921524
31.1904385220259
79.640046460554
105.963041842915
89.2025831970386
46.1476755121968
53.0200855922885
62.8617568176282
68.9805872738361
60.526442725677
12.2783413168502
67.7750063128769
94.4265304133296
96.4526916854084
79.8988550552167
77.8563445433974
62.3322898389453
59.7525922115892
71.1042043636553
37.1389676933177
48.9779466181062
32.4150803497179
77.5688014226034
43.7838228149623
62.4114811304025
93.747219897341
62.6025724806823
68.3013459434733
42.7571737207472
88.6632418027148
53.7225270626962
67.5432722782716
52.2266538348049
101.452550000977
80.6955336476676
65.2876246487722
72.7368276915513
78.660123096779
92.5307226832956
82.7963500400074
80.4970041499473
39.223262493033
46.1920889560133
57.4001895845868
64.5038808346726
55.208252381999
48.7470228457823
84.2756967293099
88.0541169666685
89.1349246259779
77.3947632494939
40.8776285825721
71.7849105712958
55.5822503985837
75.2873665646266
39.8389567038976
45.2464450732805
77.9246602556668
22.0312769978584
130.451946190229
76.5244746150465
75.8669816306792
53.9652925918056
60.6486405944452
49.7245731996372
74.2290348396637
58.1539008882828
41.7175051057711
71.6485288343392
60.9748039627448
69.5433276705444
73.1778382207267
84.9172507994808
95.150486202285
73.7569466000423
62.9887353512459
34.1927976463921
79.5614075724609
62.9463471355848
62.4792467821944
53.4973446004726
87.9567936528474
49.0113805513829
37.2358340071514
47.5832434487529
66.4829485955995
91.4802342187613
56.0531177377496
41.5557095504142
47.8867160505615
30.9385435190052
66.5679140249267
73.3057572273538
61.5379470866174
61.1564766996167
94.779051549267
20.2475320901309
94.624169706367
109.896045178175
78.7303499295376
53.847131029379
66.5582555029469
119.017732166685
59.1957122203894
89.7407679934986
62.0123215094749
64.6313559613191
63.2591987651107
58.178053679876
41.3200490060262
83.3328522159718
53.1998399528675
55.2575349574909
52.7698211807342
42.8833697993789
76.9605672801845
47.900164634334
45.5865501506123
70.4597451314763
16.8625158415343
88.9197591226548
43.9756338151884
49.5030335732736
81.4086403232068
100.068403710611
90.8037690329365
37.4013262814471
48.4806490380218
61.654362862464
59.1994974645786
39.8985838553284
66.4684651070274
95.4687299672514
7.36286809497027
66.7214018059894
80.4323328658938
65.1342134689912
46.3158651354465
113.860321231186
39.7741224383935
60.9251409885474
96.5144862653688
64.441726799123
76.7646168009378
74.9193543451838
61.5146199590527
97.4094235221855
54.1185381304749
44.4337823195383
83.6928187602906
88.7001445516944
106.460538727697
93.3339731213126
45.8629740751348
48.9019444561563
114.545130415354
37.2113491408527
99.1168274660595
90.6729052774608
62.5327734742314
60.3989953873679
69.2090394324623
82.3240209952928
76.0821388219483
75.5757936742157
49.2113719927147
43.0126444553025
100.259036023635
73.5988570040623
92.9595512454398
56.4035422052257
56.9860454881564
46.9567144755274
73.8776297295832
115.868156705983
72.0943806460127
61.269478907343
72.7354427566752
65.7324795844033
77.0816841744818
60.7733712764457
78.0295454198495
55.6157492799684
16.4302590409084
59.7370187635534
90.4503911035135
74.9414818477817
62.1847837115638
69.0530264982954
68.9868933521211
73.916011932306
89.0459333313629
71.3288793456741
84.0828041895293
82.545859605041
19.313452730421
55.5270229740199
44.8960092035122
72.6593764790783
78.8371437694877
59.4615054666065
101.900595705956
55.6634891435715
92.1135182523719
103.785426472314
23.0189252411947
43.1821711594239
71.5778947281517
88.4041427794204
76.0301853879355
67.5347544602118
50.2514739753678
65.4966006870382
58.5010822629556
91.7783372336999
61.2538390202003
70.0545962434262
91.8343261699192
22.4101137529347
37.5184529693797
43.1130228286731
83.1834479538283
42.3392347221502
84.082542033866
88.1453318987042
34.1395176248625
86.5075011504814
69.3946136976592
67.3968305112794
80.868412880227
46.7061651393672
95.2140562119894
69.6476550307125
65.3869372326881
47.9158967420768
45.4495105077513
50.1420232118107
84.9518333445303
82.8761645010673
24.3269421625882
72.1228703740053
24.8574081108492
49.2694521461261
99.7619258938357
83.2218866213225
33.4783978306671
8.56366949339876
101.537852210458
88.5215159854852
44.1016607568599
52.2129215067253
107.268605974969
51.1471162899397
64.788976626005
52.7885725605302
118.025863403454
57.7253889176063
73.8437559458898
58.2987588015385
82.7642126241699
40.7101746997796
98.7042693232681
55.9929931407505
75.6422950769775
113.536786427721
48.0927766766399
36.3277364871465
57.4988502427004
84.6603448502719
62.257826293353
60.0544002023526
77.3688246856357
76.8698211200306
65.2686060173437
101.186443993356
51.2680014018447
42.5547352759168
88.5552980471402
79.7973205592466
27.8804420986256
69.1772535330663
45.7792988279834
58.4693411574539
91.473386879079
71.2140833609737
58.7729373186508
69.8339313385077
64.917081349995
48.2321524643339
85.9398725690845
37.8123460104689
38.1819883477874
67.6881590488613
93.1788583518937
53.1996980775148
26.6740769846365
60.3101095417514
67.9223034065217
96.1632654769346
91.2283101235516
75.1325710793026
76.0183765669353
60.4148891754448
57.0062758866698
61.4148296765052
75.3426529467106
109.514535591006
73.8355311215855
61.9945514205339
59.871709079016
84.7342743771151
15.7707061915994
42.2157179680653
62.2035828069784
78.5741089028306
86.1623880919069
85.1035060826689
36.0352303736082
78.6452603293583
100.267910284613
58.2676290311391
50.727409548108
33.1315109214353
80.9634043369442
78.1633695703931
82.4706500279717
37.8491223673336
76.6534348484129
47.7322578600547
52.7667522058603
77.140898432117
101.280465954915
41.9611058197916
108.673614950385
65.825158986263
63.8102915138006
56.1985346837901
55.9239016496576
78.7037666787017
54.1681000380777
78.8157964590937
69.0157105913386
9.48770282557234
56.143543520011
78.3612205763347
60.5030662341332
106.966320530046
72.3882934893481
71.048276219517
65.1352531782859
77.9159952653572
85.6628246838227
60.1348871248774
98.2088889344595
80.2297509973869
75.3416962456866
66.6884773527272
97.2434808616526
80.5030530435033
85.420619987417
58.8510430045567
73.614791163709
96.0558959050104
44.5612851620889
74.3731304886751
92.4859402808746
75.6157476951692
96.7838444863446
51.9777915091254
60.666356922593
68.3715676881727
110.018841840792
50.3430688034274
103.447495062966
85.0820994470268
91.9179947348312
89.3031938467175
90.866367763374
60.0776100647636
63.1794581189752
51.9268974545412
43.82064472373
69.8305584844457
76.0065164686565
83.3408473525196
14.1682819905236
80.2556784125045
90.0969993206672
111.548695422243
47.2611877019517
66.3382998085581
92.3529426333146
84.9239406175911
81.726187269669
48.0369458324276
78.2952819485217
94.1710836703877
36.8895493523659
82.3205664404668
75.8449388784356
72.406657342799
63.7226452236064
82.2611256386153
102.360376075376
25.6562305965289
77.7251743827946
70.8252975484356
64.1746093286201
57.2552946745418
32.5392789556645
53.720251948107
59.1453023836948
62.3759114881977
42.7271357770554
53.1800471595488
71.6302250395529
70.1737638795748
73.4395234379917
19.777036679443
70.1754200970754
90.663312189281
92.7645936534501
84.0054340897483
65.7206509611569
95.5369245843031
82.1647183620371
44.6970407152548
67.8692165915884
25.9846026194282
50.1059966018651
84.9818672402762
42.4853607546538
59.8831370938569
50.3274149275017
39.8041472634901
77.6066371588968
59.6919184550643
53.2369615044445
64.0957182389684
54.5779180363752
92.9162967018783
71.769341849722
90.8656332874671
83.4114688448608
64.2469168640673
87.3911049216986
59.6675629393819
65.2265682076534
65.695569338277
72.1674419912992
47.7964458797655
34.3551237485372
77.2586304461583
86.141548876185
95.2505034904479
74.5136682526208
43.9776484970935
28.9313535322435
77.3786883684807
97.8468587272801
52.3768309907953
105.890258809086
28.9219947298989
108.387795439921
91.5313229442633
86.7251337810959
89.3711409764364
71.4043077314273
47.6178995799273
67.7892324747518
101.285530847963
82.3227455839515
56.9586448837072
74.9818495824002
62.0891053695232
80.1053312025033
90.975518306485
41.6498880949803
84.8701574723236
66.8504114029929
73.0631111453907
73.0154312797822
81.8523092428222
83.9100676407458
54.5499090221711
95.8495767906001
47.3029033186291
114.632144989446
75.2938104211353
60.9118249965832
51.6084360191599
76.4333208207972
53.9030940737575
46.4587068883702
69.0806316187339
56.1496312031522
78.3888072241098
91.4371436345391
95.2027369872667
51.4232859946787
63.2507513386927
43.932058777814
55.3562075859704
62.9690948245883
74.5220022276044
50.2187142148614
67.9654875420965
31.0247480554988
49.7919072663554
39.8264517076313
83.2237079390325
72.372504444604
107.606794277672
113.000902114436
89.2276057391427
108.787792664953
73.4531182097271
21.1295243119821
11.4388682233849
25.1203074594761
81.768031779211
104.629979969468
36.2513714689399
115.485518390778
79.9031143309548
66.255820193328
45.5301142879762
74.9411576776765
73.519095138181
88.7867302400991
76.560564187821
41.5710408966103
89.4724322366528
71.8778673158496
76.3090828317218
66.9452500646003
79.2897240258753
78.1455875607207
63.3178123300967
74.290746452466
64.2735573230311
94.3581508123316
61.6545914444584
110.630731331185
82.3794877389446
83.0546724610031
74.0546540590003
49.1813084990581
116.914791392628
51.7582788015716
45.2908789506182
55.1778332815983
45.3589348704554
87.8444645553827
85.9632992418483
71.7711249482818
50.1550458047288
50.8919491063625
69.2356042680331
66.1145797348581
64.4700534321543
41.9051468721591
97.3319014767185
70.0643874355592
89.3281635111671
62.8939427318983
93.9029023051262
60.1453996729106
29.118499183096
41.5449929776634
53.956129134167
85.6893317424692
64.1244548838586
87.6955475891009
41.1455017398112
67.0273967902176
55.8548900339726
82.5997579027899
72.0511996502185
47.1041215816513
44.2887944232353
60.8106194646098
58.7956792796274
83.5319642877725
62.3328408692032
49.0732759353705
62.3691809247248
75.3079138579778
110.979051701725
64.0695090289228
68.665766925551
95.9703999105841
69.8680630999692
86.976184539755
25.2766565885395
88.6395507614693
49.74693270633
44.6322600884762
88.1783433025703
42.1722397862988
56.1373012489639
47.4797740752593
96.973461995367
113.057686644606
109.974705893546
47.0403369981796
92.2695513465442
62.6151572563685
42.7447489504817
93.6187037266791
65.828664588563
47.4948976421729
82.8922291110639
71.2835071841255
36.3809186697296
94.586986886327
71.9094863394275
56.9219301338308
51.9986279541627
93.1981923698
65.9779268782586
44.7378661785707
76.0285105905496
48.9327565068379
6.31464475118056
40.8990165965055
82.4486155062914
49.1865287641735
27.545411104802
95.7486770080013
67.3392847762443
68.5200698208064
36.9136378518306
41.7785865603946
129.05040121492
92.3744703293778
34.2399283777922
58.2085584290326
66.7720533435386
34.5897504098392
47.3128968267702
71.5758701553568
77.7415136806667
82.8579375520349
65.7069946539304
91.7328457043928
54.6612104704222
60.2631006980112
63.8250119169243
91.2858562660404
64.2959850374609
62.2047035489231
76.5370660927147
54.8157151439227
80.6659928523004
75.3916441928595
31.937888241373
25.5878281130387
95.0485234498046
69.4709337690871
75.2593554905616
65.1087364531122
55.9437605319545
45.0516088167205
62.7119704382494
64.3407269497402
83.9707619394176
83.3286604960449
90.8427570480853
25.5819862824865
65.9081947756931
67.2501287073828
67.8032181574963
32.2384771308862
21.9344931973255
68.941854161676
108.111480763182
61.2115788506344
33.1257664466605
71.5307320982656
103.777061589113
64.2863728641532
73.753671895247
99.1126026608981
55.594124804127
105.472841719165
39.0896973688709
69.3584560183808
65.2955178404227
20.2824919484556
91.4496721816249
34.742538316641
57.2048553601673
95.4516345169395
95.3489813837223
96.0842434316874
68.0111090555354
71.8255553743802
60.364186966057
17.8519926544915
48.8642818876542
75.3285834915005
34.9902992336751
94.2903178511187
67.4727019621059
66.3889104211775
87.953960057348
62.2201537014917
57.218411564827
49.4908938999288
61.6372489137575
101.162082504015
60.205140360631
47.5883794017136
89.8974948679097
43.1676554610021
87.3380986275151
77.0625694654882
52.8203780646436
31.1967493192764
68.2971367030405
96.3359845817782
85.4046368855052
63.9140309183858
79.7980305738747
54.6013792976737
62.3993198620155
81.8104980629869
46.2108236135914
86.9375757823946
59.034241387788
73.7817744608037
83.4003782016225
84.3745769234374
47.2608149682041
50.6784042925574
61.4019555272534
73.7343958017927
71.2611598195508
113.391664077062
73.7163946963847
75.5074052142722
39.8493809159845
28.084907901939
69.4228268461302
72.5880616460927
105.020423384849
69.2152125993744
72.1030158107169
107.849141093902
51.4788519928807
66.5091002942063
26.1712232769292
88.8053260161541
42.7925856449086
69.6648603305221
63.0553037393838
72.2845758427866
74.6502714813687
40.0759847834706
64.8357786238194
68.7988033052999
73.8140282453969
77.7738748891462
76.2301109847613
73.3459112117998
91.1609817529097
80.6426120664387
26.5587756759487
92.2252897405997
121.985103159311
73.222468001768
68.71355145704
84.1136634592998
62.4560804489134
55.7469495921396
71.7388012446463
126.242730014125
46.3539749267511
52.8843273685694
76.0429215733893
68.1708769290708
68.405861465726
62.3485996271484
43.9057213603519
46.4463549316861
98.4201419050805
69.3439822061919
62.1890887850896
60.851324346596
71.0001993807964
54.8104817198147
52.5082552468289
52.7740427051469
97.2038124804385
41.8349969961033
75.1349816564471
22.431208670605
28.1413787324054
107.628961384762
64.7896025562659
22.7847067849672
67.4690177664161
81.0979017826186
37.5159694580361
81.3551624530002
65.2957901482453
79.3526562978514
56.6300946520641
71.4542935718782
71.4405584343937
114.198854973074
58.1829201430082
