"x"
30.0622878479771
45.5754782189615
25.9009182277227
28.4144969773479
52.4373217835091
43.4230786864646
39.688595875985
31.5825289464556
19.034292397555
37.6120679662563
35.424740856979
33.4813357037017
35.09609332541
18.3128469405094
5.1977716322797
18.369512335553
17.9387076530159
33.7500835725959
37.3084511910288
18.1024575500412
8.60077021245455
9.63559077967253
29.560594027862
2.78575164265931
44.4428336573765
38.1116270372663
64.7302548983134
47.3329877131619
12.3796486179344
10.6039531358733
18.265929876361
34.8563388106413
19.1987412691209
31.5315836342052
39.0667851432227
48.1820671409029
24.0577972348543
13.8204458751716
16.8411649100471
65.5773475649767
38.9059822037665
46.4207216969515
39.8849178301044
8.76688826829195
47.2418682388435
43.5870222980157
44.6780603029765
29.0430229897981
34.7518923110329
3.1763210427016
50.6718298653141
3.59805412590504
25.498530278365
2.2297905038693
31.2637481771073
29.9176449072547
16.7739008669741
19.9005126104481
47.5707699079067
19.26674436545
39.0050388057716
16.5198588278145
35.5761982966214
17.2555306024771
79.578863712959
26.5549814677797
21.4928771136329
48.4527097200043
21.0255632526241
40.5588370064915
29.4612969404621
9.40516437403858
41.8250440154225
44.5027262438089
29.0975871961564
29.4842874980532
21.3370454148389
44.7247339937099
41.4257731172256
30.7232993771322
42.3846272169612
15.6649635056965
28.8351230090484
6.20665063615888
38.4335459937795
63.7023585392066
11.6615445844219
16.0931074642576
15.5912935787355
62.8803548868746
24.781058926601
17.8190686954332
62.653339885681
46.8254573643208
54.9448801437393
31.0806630179286
39.2342696255839
39.827319746837
29.5361126536715
19.4135679164901
28.2716139918193
11.6122263996717
23.1902123079635
28.179981908761
24.4533979217522
38.857203302905
32.5631598489355
16.3981714169495
31.4175042560498
0.458877252206477
12.3461288756642
50.1067336532287
36.0754620633088
17.5682374159805
23.1608439210192
1.28706019604579
26.7289349925704
68.5672593070194
0.31722285784781
42.9455449921079
20.5052772420458
54.7712647595012
46.0882061137262
24.1024508606642
47.850187155888
35.1455649593845
2.65830218559131
17.6556882099248
1.93663401296362
12.8834591596387
48.4566630795598
55.4678202257492
29.5402376446873
10.212767124176
55.6894349865615
13.323036377448
23.0785029001019
30.3580034291372
38.0665349774063
39.2030866118148
14.9953754036687
31.255926407528
7.24493608785374
21.0212056731816
42.1153234563475
40.7181274075191
38.9906707440463
16.2019861629233
3.25468635419384
15.2272696369452
16.9345740927383
18.7953261425719
38.123926287517
37.081438745372
21.0367885185406
25.1461031497456
20.6157729245585
50.1747726775849
28.8022355525754
28.5543246162046
36.0675809322856
16.8146003786822
16.8426958812886
0.555759816878071
36.4686929504387
33.3641213675972
44.1341154160909
49.5140256127343
14.4801355341324
13.680255309098
40.1386066572741
63.5124289779924
45.9698759151336
2.28367364223631
38.489218975883
45.6687724681625
27.8397600050084
19.3795064451439
16.3152308180889
8.40426977956668
10.1087257946593
2.09058681381381
31.6760035348125
6.42160851633271
22.5671550026163
41.3843811256811
16.3093031057585
26.7956235206399
23.836359847337
35.0472703576088
24.5809347368777
37.2461749357171
54.3450930039398
65.5753982253373
40.5446345143487
12.2890958795324
1.83766556438059
44.8512209465684
51.3807125505991
4.9547536065802
39.5838722353801
25.8801769814454
19.4599123441691
32.0822566398419
44.6992238517851
6.58797849901021
14.8659295053221
48.8342337204952
23.9887541043572
73.9756214199588
28.6778220969203
66.2780558341183
21.277768490836
25.5348882187967
39.1302262432873
10.6866499844668
35.27380021114
23.7322229309939
28.2910430105403
64.4418809968874
19.530329213012
11.6678279475309
17.1988267411033
23.7147075059734
31.7548427148722
24.1538938367739
25.7234277785756
19.05476792017
14.2976767663615
18.0545548810567
41.9721361598931
17.8063522406616
39.081537083257
24.8166894385585
38.9327288994707
34.6334924804978
2.64025279578096
50.8014877210371
15.7360759598957
43.1672996724956
51.5115768138372
31.1955864047279
38.1513012159504
62.3685740632936
3.52313398500673
11.8689911029272
1.04397548129782
27.5435910606085
1.00390665749253
64.1245732898824
16.0074390591249
48.8800866876302
14.3047523964552
30.6255772695869
44.7576780049667
43.3392360573635
40.1698277993098
13.3844705764204
35.6537402258255
64.2215965807177
48.4320591717186
10.9752501710318
13.4310456225649
20.599203533493
37.5093157589213
31.5357827425641
39.4124419958433
21.0286513436586
57.3724777670577
15.3493508230895
24.9617799301632
35.229411449898
33.9081716607411
23.1541873818761
18.4246687885308
61.8040566918117
1.00452891783789
49.3461364647374
3.12929135980085
21.6437157127075
39.5125092589296
38.6273243231699
16.9246289105709
16.2521952879615
2.89748895447701
33.7033585645258
43.6212294152938
28.6875407197592
22.6004532042092
56.008167786058
27.8397683170624
13.1171374650364
35.03388868412
13.1305651157163
53.5335139953531
17.8634603042156
11.0604183282703
18.7670203988057
5.08912173140839
4.14667915778124
27.8013403833001
20.0667534838431
21.0921384052242
33.7550020078197
19.3284909971165
20.8118283538918
43.1815632204531
18.7471460434411
36.8754182127304
49.6313384384848
9.19997504679486
50.7732691941783
34.0142026597481
31.311353482306
10.0029895912142
15.6169389568562
33.687773544807
44.3380033941095
51.7726564547047
49.5240336516872
12.1005037053372
34.3690075891125
54.1706950569681
54.8649171250872
57.378004852376
42.686937272083
23.75379181467
49.7097230632789
32.3393798433244
13.8820011852401
0.716825015842915
16.4491088245995
26.9887792528607
4.1337472407236
3.16222583642229
38.0494579632863
2.80483359238133
6.48333421078344
46.6395072638988
15.7744365977123
58.7548297314377
27.781069080811
27.0092194553615
45.2053542714566
34.041756298393
55.4648626828566
19.7060171863995
0.962436790302851
35.5492020491511
22.2512688778689
47.0278264110072
65.1766492752358
38.047269025748
7.49067489523441
26.7270074924454
43.183395313099
74.511525046546
17.5065643026461
34.7722668771055
19.8415304766968
25.2767440280877
14.1204067450389
10.4706122003218
16.2209571574249
20.1192077627877
11.6315348306671
25.2635537292537
0.346498400904238
4.63928926344037
1.04653917951509
4.38619885727364
33.3197888918221
33.3382987675805
34.4825280278102
1.23738825786859
24.5215149183468
34.5311132376082
69.3452943698503
21.1397487088107
53.6895716696984
33.9203547569923
59.4304385456182
16.1531801330757
57.8666429035366
47.0250006881543
23.2105866192864
70.5701913218945
28.2752066734247
28.690152391535
25.354158016853
27.8190352837555
50.9658047146546
55.259222868056
19.7457536109079
41.6105751335423
37.907050375361
43.4485598583706
28.9512649480543
30.8257130905986
19.515376072377
17.9054158067197
49.6981664560735
10.9462521038949
37.3872269061394
33.5333863506094
4.42801801254973
39.5811078255065
43.1810827584777
66.7564812814817
14.4582477048971
10.9082195206264
68.0867229239084
21.9748228788376
16.5486064956888
36.1165044596419
23.6983141275575
44.3499869551436
32.0130109554157
20.644777873531
59.6826426917687
21.8056466937854
26.4532808632481
37.2915286887527
13.5617156073939
54.4927541981451
43.1766686611809
25.6598853215421
55.0578456837684
17.5433583790436
35.8172430540435
13.8479327782989
40.0745897437446
21.2203215199012
60.0410817656666
38.6189542422663
27.9946712660603
22.663471091073
25.0920316088013
51.5254756086506
15.295975538902
59.8840802675113
17.4951312733122
37.7179942167262
1.9800250346552
5.25023433146998
22.5895232308774
3.22062054183334
19.9568999931216
22.3081001130676
43.4139135060832
44.267084565945
4.78065478382632
12.7398236320797
13.0221510475611
31.2170379926036
21.0328349960037
52.660410630051
24.8316738754511
7.17081752372906
38.906666461844
30.7045135966378
8.69211743120104
26.6772422473878
18.8503082788923
28.8772453636142
52.5309979421114
38.7309285346419
6.28439154727759
21.614943648138
14.6741664269939
8.6061891637913
52.0314117544331
27.6978518115357
20.6312343276202
5.83757783895939
18.339124019371
27.7654426638037
20.5793183946631
42.7837309776805
14.870161867906
29.7140218317509
45.2981985290535
42.6980427481752
27.0522973959085
17.987806268502
29.292565328069
15.0804477278143
10.7994309160858
41.4041228934195
13.6444021947682
34.3557619539957
31.9191881571896
71.7596107172986
16.2504088099921
45.6554790493101
23.4735382022336
24.6878882171586
44.2756315104983
13.5313801816665
4.04525756613835
15.5606719199568
19.7456610389054
15.7383360434324
61.4656934638376
4.98782966002291
4.40869525773451
50.9191737743095
38.9375522616319
7.79015934988791
15.8209801884368
11.3604817655869
11.2201517479327
17.025046562776
22.4711854942143
24.5141952727659
58.5504641343979
22.569541784469
4.6964704641141
78.8612348726019
23.7979328958318
28.3777137191227
2.70807452034205
25.2475097193383
19.1448865992274
16.9586210278794
34.2165865629585
51.2127239839174
36.8605080177076
23.1180838891305
39.9048137594946
15.218540378288
2.45998008176684
9.50989569096079
52.5033559184521
6.17837368045002
19.8706427989338
6.29770446103066
6.45160580752417
22.6330282748677
43.6000235727988
59.4952575396746
47.105386874809
40.1148529175781
34.9788322003313
16.4004424819723
40.9463381627575
32.2713922942057
16.8332237517461
35.8002847526222
7.66885175835341
27.3205071315744
33.3408231699286
51.4696617959999
55.5604962864891
46.537887188606
23.2587030623108
32.3400784617293
41.3954989053309
46.0196119199204
20.4571872029776
34.8886363943133
12.9071410163306
35.6809029689958
38.1856417399831
47.5487950702273
25.2443927802786
15.0597503059544
24.693663777603
26.5353586072706
17.0076362858173
41.1801451584324
14.9302151752636
48.4310388099402
31.7880131886341
40.6937002902851
29.0473923921148
10.4295980546484
17.9038890753873
32.6173365581781
0.232238788157701
19.5096043470892
19.1238727071323
25.2200093702413
43.6242928961292
39.8495237692259
44.0424105172529
71.7828499968164
2.89885376114398
9.67658365843818
59.198130457662
9.87224598023163
48.5714071546681
19.6837553055957
36.681856715586
29.6456529568881
21.506096131634
15.9803536371328
39.8802830954082
11.1474928605014
25.9501601569355
58.0828466801904
40.3155057794414
13.5130801354535
14.9702013264575
57.6750071952119
4.46296895378287
39.5288734929636
48.4821085274117
6.88968267058954
17.9887395817786
70.6102292635478
44.5855486090295
16.6637938586064
25.524910555443
12.3144821147434
51.9102827558945
9.91277107968926
34.0757053345442
48.9418265033475
49.7151808892876
52.8145023388788
40.2357407496311
30.0962260005626
59.0159001643769
27.0650609279983
47.3487938172184
61.9585497304797
4.63349557248875
18.5694189392962
20.5921546672471
10.5918772984296
48.841635370627
15.2924674446695
13.2591298228234
3.81237921537831
41.5985596133396
32.7261375146918
21.737386204768
11.7288236929101
23.7476056907326
10.5107421986759
37.6105625010409
34.9445701665334
52.9979772400111
33.235068526119
36.4280626527034
23.5181798332419
35.5700273023228
52.7507214224897
7.49231791123748
16.0793886070915
43.2801756542176
4.83136613620445
9.52220086473972
33.1820922205225
41.612957068719
37.5967389903963
32.0937029086053
10.6728417566046
33.4591025835834
28.4126068814658
29.6116938465275
19.4852197775617
30.6690117156309
8.05788560162738
26.1923596379347
16.6183146182448
41.6331865857728
24.1745668114163
54.0313289384358
22.9014691840549
12.7242768881842
43.2105165900065
19.6546591236256
36.7305897176266
41.3356860983185
13.9137692621407
23.8493803539313
17.3263144330122
36.8733574844246
61.7083749966696
32.5136563973501
33.9538228348829
21.013169165235
45.7943923470082
31.8870922201313
7.84544264897704
29.9052768494807
17.6113113678497
12.8104530675579
26.6456211850321
66.8067947660956
12.4738018610515
55.3982097073458
19.807914737612
29.9726904489121
15.892134765543
30.9149195207283
19.497034791857
17.4901691731931
1.58870129380375
0.394792684894939
20.6212830992776
10.6777275186398
12.6804922474548
26.3350221182646
19.8981195641221
18.2176353735592
24.9345745630699
40.0889534619637
25.5609027575701
13.0693205166608
12.5312492762522
12.2578162350692
17.427032161504
20.5552691943012
41.4828581851907
14.9651859421283
29.8096224316396
16.3354745575458
34.7916092607193
6.48373548174277
7.13894513675884
25.5177156883292
58.3876812364906
11.8083542146177
31.8906105821952
8.71591168783232
58.2891076919623
7.28475091435335
13.3828456513584
20.436234632507
3.20579079900052
47.8958130232058
57.4603748857044
25.2808699849993
6.74945456384067
44.3312281975523
41.1100784699326
3.93082839569128
28.5118744010106
41.7613180237822
12.7032006354736
39.4084671977907
70.4616045230068
10.7239586883225
37.2266962874037
53.3578498987481
33.5486041082699
13.747354908045
14.4547165481581
33.8746459380272
7.86072134219676
30.5792312719859
69.6957505308092
3.77184010576457
32.83256237975
22.1788411555721
19.1133912887128
34.6054473659024
19.724356615849
32.7936749905348
16.2475777784607
21.5379891843718
28.1899830588855
60.5215242714621
31.3335590592448
4.76414622673584
37.9908518516459
26.7565822694451
10.1327024909464
48.3077375456406
15.2636801125482
40.2072579483502
13.8133660397611
43.2109069894068
16.2172730895691
55.5230533165186
38.1442213212341
10.9036542940885
30.3484153118916
39.2287606652937
8.92046876924744
1.0381982778199
27.5219967006706
28.1836309819482
50.498197984416
28.2820002541143
67.8719920106232
9.70483690034598
27.6612598755578
24.0924615270531
38.9370408258401
1.25273921934884
13.6158559122123
22.9301850056612
24.4759293738753
59.8931199521758
28.5475412680873
42.3159307800233
25.8922670596699
8.89972475124523
7.12896030163392
71.8135726521723
16.5410020854324
33.2962612970732
37.0805759215727
16.0683734260369
43.8904728055702
23.6136782878447
18.8002580759232
35.873711889144
29.6746461652219
25.2788057986591
11.514764185248
28.5598585032858
17.0690797502175
51.4417081139982
9.46940699761821
8.7722460521438
10.5125908285052
7.66675811972547
21.5533900071997
54.6501367469318
17.6660989733435
41.6927405706305
14.929557666335
17.2654160539598
19.7424503924633
22.7845363977642
42.0369029510766
57.1260612060288
35.4421700217517
6.38356379060356
21.3782330639712
13.1356950383633
18.6548072029836
8.08436546940356
35.8716324903071
67.2374560846947
41.0481389029883
19.1919446806423
52.2319398193971
18.145116942469
28.3843566547148
41.0819496493787
27.3065672667482
50.3302531782538
50.554408330936
28.2799755186642
8.20688837749895
30.2258530994789
9.86310435691848
16.8645162717439
18.8679309561849
30.0992606890012
12.7833608421497
31.2325723743712
29.3307821964845
63.3786469161388
20.5176733667031
12.9154000198469
51.8957570777275
23.0488632087484
29.3483368053812
3.72270080849706
18.3153030806547
25.0651820446365
37.6828474855748
40.8736772544749
31.0704100748666
14.4658923498355
58.4800808806904
12.4026806509966
24.8681269586086
4.17217338186408
36.3908728917807
30.1615802674408
41.6700530330154
14.5924554322846
34.281997801736
12.1516207135142
73.6188987037167
39.8483694220285
28.5217260676143
18.6276296386495
56.1013477854431
54.6081644407403
57.9384022626664
30.2706890247496
23.0730709854424
5.01530888231159
6.8598851794377
44.6011970864178
34.7699412028305
24.0308044902006
30.0775265345805
4.69991059508175
27.0949356723577
25.2303084125742
24.390490015503
56.2053241771361
52.7847828039278
41.5170589461923
24.3409469034483
35.9881775104441
43.0716092698276
6.09758320497349
11.5348270312795
53.666407962973
20.2766863047145
33.2167400802862
6.39847996644676
22.2732856270771
21.039469644893
46.8447196465538
16.5774279506877
27.5025081937201
11.2723476719111
44.5065594860353
74.2550969589502
15.5296641285531
24.3636171848756
38.0737673607655
0.542426403967972
47.6977849379182
12.7805328431218
47.9648878500496
25.8236878908918
31.4340527635068
41.9201933936157
30.9476105030626
11.7385182813533
31.8938150419854
23.3146981918253
11.710064691668
46.2349665234797
8.74902053037658
22.4654919097985
32.056966482196
25.0503546303666
10.7806300278753
20.0138480887957
24.9079496017657
45.1371705741622
39.4502953276969
42.599038768094
26.2513857253179
31.7228193860501
4.32698206277564
3.49712653760995
52.6307598895313
27.7691377667832
24.873828375712
12.2188083161947
45.3759678988717
30.3913588347953
26.5167018515058
50.1122056098266
46.9183093635365
28.2321590458912
50.3991985693574
23.9103809550447
47.8706024687343
67.6604134845547
15.9730133316044
19.0151597759263
23.0607725766477
2.39014098187909
15.8538220915943
16.2731772754341
42.7855281741358
26.0120014310814
59.9371586809866
36.5658813357695
29.2313116020523
55.3486683988012
18.3492597279407
28.7425575312227
28.3563331351615
48.1678233598359
7.98573002438077
21.6051116818562
67.890669440385
47.7240854175761
25.7046396844089
21.4339174263803
28.1443795072846
14.3607959616929
47.5926636951044
27.1133291069418
59.0249826381178
16.4957662693466
30.3686149069108
15.1915132624714
63.3484679900983
1.38727211160585
5.46184635022655
27.5047280010767
9.76020386869353
24.9786420937389
17.9876245113688
53.6433758796193
18.9733032719232
44.7572993580252
31.2211135867983
23.9226088987189
42.3437058343552
23.481300927233
22.8853553417139
23.2863026762128
45.600811811164
60.5486669577658
27.973919771733
25.1809804699856
36.5318085765466
61.6351964068599
0.998103292658925
14.3542463891208
37.6353171071969
12.2453618894567
34.8322524925986
3.14550540642813
42.2719738583385
52.7643101639114
7.4809990124777
46.6831275378354
21.9620483112521
35.1000840042594
23.475034290459
48.2397127777899
6.83956558577385
48.6561007099226
59.7181123448536
4.13201936254032
9.51044647954404
61.6670416784473
10.193423833698
54.9334179842845
23.9622643217444
10.6278509225225
57.5873379246332
30.4953089449555
11.6487895785925
45.5202887067571
22.9834918514825
18.4874206897803
7.97213711907532
25.7996358675882
41.6775059537031
42.5734328338876
49.9505984829739
32.4427140760235
19.5083165158162
51.2953308876604
32.4310859016674
22.7530244272202
28.1615707906894
31.2593528651632
54.3380491901189
9.31379143148661
19.0075529602675
28.8637142744847
5.70676240604371
28.8920003571548
47.9648407415042
16.600407846272
23.2761812745593
43.6389825083664
23.8532953313552
3.83921109605581
11.8623406044208
17.8533903492187
56.2343325066592
25.2928061760031
14.1607441357337
17.2241335385479
4.1833312441966
7.73557522334158
26.2896775449703
53.4696761814538
11.6571908002261
45.7808546489105
10.643132816043
5.97505961777642
39.6653497591615
25.77393064772
24.0090991149213
8.76560470787808
39.8239477928729
22.7976244641468
52.4953694215855
12.9053813054147
31.9464475899241
47.547392658997
25.1452405891512
15.3771910859378
23.1028320849873
46.5326649878658
8.55976101011038
40.2376319863833
25.7027133156699
14.6312562458137
17.9627160076052
9.56094261491671
35.7669324730523
10.4726677766182
18.1080949725583
31.575012750928
68.832916545216
24.8722477827843
13.1555135012604
18.8375026453286
29.7526003560051
46.4106329274721
4.24447791883722
29.4832055456936
24.4902480277233
4.7006628359668
68.6767583945766
54.2014521546662
62.280827620998
52.4612770689273
0.159310782328248
15.3675813577138
37.345388272847
77.1629844559357
29.3317409844871
17.0156365764492
18.785350763121
37.0930302306078
17.1289211604744
6.50116112370127
14.793723996263
20.1212329673581
14.3502764054574
5.1640445967889
51.6285350546241
20.3664625272824
21.6782661504112
76.0406120409635
26.5146703692153
29.8183415317908
2.56103966385126
14.5364970550872
26.207927626092
28.8268258678727
2.51941494266247
37.5825514551252
36.4829380181618
50.254130665657
17.7607575431466
30.9479138930328
9.30661829188466
5.33384365262464
38.1887977127917
1.0174189303656
66.6577782481909
12.2837306116708
12.6221787103135
44.8488702415489
38.8154855865271
15.9279485000297
18.7119608861394
38.9056054201306
12.16685033869
20.8661477829122
41.6662807692774
13.7188303633593
7.32451126100635
29.5083042001352
31.5678950049914
50.8214978501201
12.4515414470807
34.4817659595359
40.0948874800438
24.9146311547115
26.8176153881764
29.2226099409163
44.3841440114455
22.5877825023415
28.1749344204471
2.88589759466857
5.73134832084179
23.5557864652947
3.0917331809178
2.23236579926228
44.1514938845243
25.1226384569566
16.7721678852104
11.7125656222925
22.3489031195641
45.1679292484187
14.1510650748387
20.507758227177
48.4323690645397
29.0889042778872
36.8850664701313
64.5932867540978
48.3093045543546
19.7602755040862
32.0665938681313
15.2988026357892
44.4539346499369
59.3210411258042
6.84994485927746
3.76012556953356
24.6369731379673
26.0611088015139
20.4508518379225
23.7684473511763
44.915839664911
48.956875805743
36.5018878506276
26.1105863028206
57.0735233370215
46.540355135221
36.4715994847708
33.155555286832
22.3274078220129
9.27091663470492
15.4993994510733
12.5618608202785
8.73460702132434
46.0958346761356
60.2234475780278
17.4776983680204
20.8245132335112
16.456593903993
56.0201168177883
11.6971063113567
35.1037136861123
32.1532011496339
1.5307636589517
23.2491178791356
22.235929837916
18.3670639409684
16.0406474838965
36.1465377849527
33.9987486279876
28.2569259965007
38.4796425933018
70.7652617827989
20.9592718514614
29.4192749035052
24.783632739594
22.8746502439507
49.7115837507997
65.0386933819391
2.72562545494327
41.1412646295503
10.6716312266285
9.20802502660081
16.6627276339568
53.8909582304768
25.5179980536923
20.5986073473468
17.731949743956
58.9821916073561
24.1816133144312
26.6268448787741
12.5386150204577
23.2273549656384
10.9216827317141
38.5872754617594
62.4176833080128
32.1902768337168
31.977583231778
5.01006291015074
10.3160220663995
39.0751276747324
49.2629350046627
50.8642574190162
34.7109117661603
38.9196888417533
26.301277459433
13.3310719043948
12.9898372339085
24.4658283540048
25.1557068200874
4.27486091681667
21.5550850960426
0.404681474901736
27.504382643383
30.029223067686
52.3485447280109
12.4891669373028
57.9114911612123
30.3238468361087
12.5663573970087
46.1999475141056
16.3851782912388
33.8571643183207
30.3824329632334
10.7740858736521
14.4645042368211
4.60772427859626
54.0818675304763
59.6537053450549
15.7731814775616
37.7705169841647
1.27360652569695
34.6858790118435
24.9007097212598
24.3517449242063
30.1974033820443
25.5725450115278
47.6014798507094
27.5801162933931
70.7811333260625
26.6921631005229
32.3159459629096
14.473517681472
28.6284867324866
19.8802718082147
43.8075301904524
23.2512702932581
51.714264601469
34.1948105813461
42.384033367277
42.2831438084752
32.1788550936617
40.2115088305436
61.5784558001906
26.0525405406952
4.98388400867486
2.72114546969533
6.50049356045201
4.20710942371758
7.45836756630431
51.3630299854221
51.0581204318441
19.3744759191759
20.7869582333083
6.57788046837829
42.9567481088593
70.5478230142035
15.8936917548999
3.1107863644138
22.9439025170233
35.2970100124367
1.7217610613443
15.1089601102285
35.7626680633985
22.8312872797583
37.3532071334454
16.599653812591
29.572961141821
33.3686833275055
39.4653112161905
64.4397900090553
16.4471548257481
13.2770567990365
14.9678450801523
42.2966904938221
36.6360308951698
66.2790001486428
37.9262469010428
12.0184481317033
62.1425287332386
25.9109679942637
20.7443150458857
33.6459228788673
51.2701834199624
2.49707734910771
20.0325748370649
15.8605228980937
16.2035895744339
36.632079735864
39.9677196284756
0.598420621827245
33.2748475717381
4.23738635145128
47.9305098182522
20.9262244286947
19.2264630110003
38.3262248942629
47.9042008635588
45.9369544521905
68.8178212340867
9.32997471249871
9.52382841042612
45.0319721596316
29.9761950969696
40.3818833641708
11.437275854405
3.76930889624315
4.09795352024958
55.388230636461
5.71793608833104
32.8305338975042
67.9653935832903
6.62969930563122
20.2921720969486
28.5953971674367
41.085666033905
23.0738843791187
33.6407191702165
33.746225586071
17.6411132843141
32.6903463693422
33.8001746425106
1.58029504658528
13.7775826500729
24.3592584299939
5.90762913925573
12.0517913019285
24.9667811900265
30.5587407550775
60.3926590760238
58.6354800267145
20.7979703924119
29.1309059830382
24.109175288766
43.48770637298
35.7237971504219
25.8734913193621
41.7095842479963
33.7545191754105
34.9319340893999
38.4890745421328
5.46711386528577
24.0036703069405
37.7502395359534
9.03381373708617
59.4357710215263
13.5648920200765
23.7117069889791
6.61327444249764
10.0805409252644
13.8662674676729
27.9222470358945
37.8637633355126
38.7297396664508
26.9084009574726
19.5148365222849
57.5097068445757
7.9570880287563
44.3532042088918
16.0127917537466
26.3640957185999
30.5955114266494
53.9140367298387
26.5510197980124
56.1307345633395
28.6447929344257
19.9885852169245
55.733592773322
78.912862832658
14.3928555437306
66.9227761449292
1.92479300312698
5.85364454891533
22.0753476634486
26.1468868554963
13.6045874056908
10.5405502021313
43.9738608081825
28.4750270953962
17.9149791803534
54.9229691619985
34.8044415335145
63.9326580118441
1.47987458622083
35.6422889861278
36.6336019826122
26.8911126269643
56.491256703157
67.1549418359064
76.5364642837085
57.9956846078858
5.16441131476313
41.4381525362842
21.8911651126617
16.7958613950759
8.53235363594031
52.5838834233582
24.3159673712911
10.3720385010027
68.432538677007
26.888612315497
7.20232778694481
1.81148072006181
38.6124584591016
38.5582449613139
16.348369338084
1.35768974376191
23.7585650524125
36.7476373445859
27.6708859758579
7.07928355550393
13.7784679276298
8.84747698707683
38.7246005353518
12.1274692937732
3.17379295593128
41.8903362347562
18.4403867467645
27.1437317482196
40.2535159043348
38.4464173577726
27.0343803328246
10.7919564237818
34.7570601087234
5.82184714334329
21.1940110195428
15.5418055946939
59.4975767657161
47.3229816299863
18.206769680233
13.7183059705421
25.939669937361
7.41985906993692
46.7635241686366
43.691066314932
20.8551509877467
22.7389797451906
8.20747301913798
17.8507054573856
22.1468654395671
26.4669636613689
13.0817140336148
4.02868738165125
10.9849751852011
25.2314321696758
26.8895027693361
26.1426756391302
20.3671582043171
58.4348698263057
39.8578212658985
72.1260649734177
28.7009598570876
52.2390844300389
18.6656422098167
12.7329910988919
20.7267760415561
45.2403912087902
42.2161640482955
24.70986050326
41.3234941890496
11.1927451089545
37.4203666578978
4.20437032163184
6.5654392653356
29.1626713937148
22.6593843312003
0.0384055240912148
41.9777410571549
44.5472953957506
50.2199086244218
47.5355604547076
41.4575437433086
4.28627793444321
1.71598508022726
38.1713490087116
14.9123920942657
18.7794524512677
37.6201984015
35.3830410305342
19.0264473669231
49.2336981440251
4.66815512627363
52.4916258989833
5.63147385751395
10.2233006683354
43.7168512027711
21.4465342345648
42.4343850463629
16.2855152157135
27.720038009785
36.5068183191095
26.0418376516721
4.08825302729383
34.9469910035122
38.0458324216306
15.1320410115049
2.66128902072034
23.2701707671696
20.8168048012178
18.8600840512663
34.0574544613297
13.1785396020859
66.1300278385973
34.851732221432
21.0851449519396
66.3525435561053
38.7263860991642
20.227685525419
27.2642803261988
28.5921499365941
20.1486105275299
61.0944190424303
5.62760549364612
29.5151956262998
43.4681392274797
10.098874262459
46.5988393174484
54.2551809456199
61.7017786484212
15.0724023929797
52.3605192897855
26.3216498075053
11.2738597543512
3.2244466585113
24.7251813882031
31.4532461110502
58.9214489911683
34.8185811424628
27.4737633176787
20.9828487262475
47.3443903028965
45.7334632286802
46.6351079870947
27.3587385076098
18.2074496871792
55.2410504077441
22.8296227753162
14.8334901663475
15.1933872957641
0.0287128495983779
29.9714634802983
29.3882870231755
23.5758232954538
25.1399394357577
17.549938429147
9.91126162698492
29.9820102871818
32.548848411534
14.7270974237472
60.6045122258365
26.7072423244826
38.8116478687152
67.7410970441997
9.86026733880863
38.1837059077926
48.1689274776727
32.9433303576437
33.3749309764244
15.2505195233971
41.3123014383018
25.3090063692071
20.9237396949902
20.5561619251966
21.2246999880711
4.19542824383825
27.3306334158406
15.4455514391884
38.4811532176239
0.388648745138198
39.6184904242258
34.4473160803318
11.0507472534664
29.490493668709
17.6031765297895
49.456093122717
34.9985808716156
37.7456990403704
75.1749047776684
21.3103342219256
40.7675210845606
24.2669557027541
49.1886535193771
16.1798397544771
14.7568732383661
7.97756462125108
43.6125161824748
16.7666828541253
5.36867705752522
43.3222025067154
24.3399515518495
23.5949885937791
52.0492801907298
42.6396853639744
20.2953313011676
13.254135043826
7.38803611779425
30.5574273025864
18.3816219330765
16.2343871197663
25.2033029566519
18.2593401056553
6.53883152408525
31.5540265874006
44.1706728073768
13.8088420378175
31.2804169952869
18.4993469389156
55.4245461244136
21.9961377792208
9.55295818284209
7.67514522009249
50.1866073580459
38.2613370626551
9.99831985779911
34.0974297840148
47.1223579836078
49.6932581881993
38.1185130216181
51.5270806499757
35.9302183729596
25.6240874878131
32.543292074081
39.1974943922833
21.9520502956584
9.97523531489436
0.0404920259615066
22.2853880609337
5.05933766422498
63.5256629087962
37.7814632662684
37.5332856667228
37.6169775379822
0.430528866127133
19.3208852829164
29.6316947671585
43.2743046672041
6.86358599923551
56.5746344276704
14.0606918605044
21.1933806072921
60.7208705604895
33.6206015548669
2.43200447175717
37.123084499035
67.2999911708757
24.8086683102883
72.7355540730059
19.5973414811306
8.62190042854454
10.3062551170745
17.657371493966
37.6105045473627
46.041642408818
48.3921927461108
12.3039404745214
18.9400874078274
43.7425199663267
42.7300431765616
13.8835211136511
72.7383132674731
8.81587674375623
24.6903220363431
25.9690270526335
50.4985676263459
52.9533706838265
71.3341733091511
1.33473483408471
26.9823919295272
1.03269659448415
75.988787447568
28.2488449942321
59.5342444001592
22.821293800586
54.0047858608887
28.4685992360447
30.303629883565
32.6587018207647
36.8807931220895
15.4122570434442
3.16394126743656
25.0492752995342
2.09118761722331
29.4669022667222
22.639751015231
44.8926577699942
52.7292204205878
22.0717922674248
33.9313472293305
10.7171943061985
12.8594985988923
14.238477894105
15.7497174141158
32.3717858525924
3.83465519407764
13.5292862774804
7.61178584070876
39.8530361824669
58.3304934087209
75.1735604251735
24.8395719565451
32.8366690135375
8.8029348757118
4.50073805404827
53.3238589763641
32.7528357505798
26.4361420762725
25.7107493895914
52.785527089145
4.13630770053715
41.6900423238985
28.7807350396179
10.6868367805817
11.7416647379287
14.1502094805368
28.2173089799471
26.4790124093377
16.2446269985884
50.4472955362871
31.9568513776176
36.2120397039689
49.255015165545
0.0679127406328917
23.1464362237602
18.0270180571824
9.32974389288574
24.5563784847036
32.9963598372012
1.93496353458613
83.3478058455512
55.1934670205978
34.0521758753831
10.0280282204039
37.9189627453835
47.4905057810247
33.0654042452292
51.2446181499399
0.03798338294696
14.4716438837349
27.250880306026
3.09844663133845
30.5991144385189
53.0401917174459
2.18149475530726
8.18505752831697
47.6551658833942
28.9857212057532
35.0285972384423
31.6432245424949
67.9738017148338
32.8372950657717
12.8985764929722
28.0050462577492
44.8037900691016
65.5279502505437
20.1697147334926
16.946089384146
14.7951817023568
10.8865826899752
11.7049798212569
25.5091738441673
45.7595078195353
75.8685413631611
0.790932518430054
30.5740505469803
34.9554415559396
6.3880018889904
16.0750857441831
18.7315985211171
55.7403668528423
21.3822368949377
53.9448577445
14.5963564956154
5.7276479084976
9.30297125596553
9.29058059118688
14.8231597500853
59.6691391896456
44.5013206102885
6.77247227868065
16.9853268874797
54.2647674613403
15.7869673450477
31.8047423174873
36.6029086639173
44.1753071034327
33.4546757629141
23.839978448321
41.3730847183615
27.7040083543397
21.8529693083838
45.2559925657311
32.3047068435699
7.14494622319062
49.0449452772737
41.3395475273654
36.649996044259
50.4950781934895
33.6736575583927
24.177761899773
5.03710248726472
2.09351449739188
55.1194019848481
22.4049293785356
35.97135042345
20.7732792128809
41.7881337692961
65.7632084330544
36.6885856492445
45.4351876163855
22.4254247848876
12.8679763295484
24.0115671884269
7.42964844685048
28.5217426833697
80.5971646448597
33.5608080611564
45.3011467820033
42.6856561944343
15.4519176657124
20.1354312594049
22.3277349257842
54.3333798530512
10.3361448395748
15.1059171650559
43.0566695751622
63.9922370195862
3.93646097354941
40.2930511579979
29.0170080261305
1.68793846829972
15.9798141336072
41.0238362514146
39.7460481501184
75.2046988462098
34.0915043089754
44.155641598627
39.6586820250377
19.7526873222722
50.7098405621946
55.1645277184434
14.8585163982372
29.4456633389927
21.8030705000274
36.5029442356899
28.8216673419811
30.8965792315436
26.458194933366
9.51697513379653
33.0446244566701
72.2183931502514
37.6615318572541
32.0633236551657
28.5308621474542
56.8709984305315
22.9384201462381
24.2236915393732
63.4970172890462
24.6482926071621
19.7538468194741
55.6075909174979
64.3058471265249
73.3341538114473
49.0376372705214
38.7770696426742
30.682069552131
39.3552623325121
55.7358279824257
34.1113325725258
22.0656651537865
13.055371694431
34.7064239904284
18.3279707212932
14.2827104831499
36.012374877464
13.1691998637708
24.6950800996274
0.307455298025161
8.13842087518424
62.2812115238048
38.8039222219959
30.0624402488452
10.5193684433882
43.3995364233851
12.4016305936109
15.8330637961626
27.7530902996659
38.4334578205908
34.5693272538483
27.8961679665372
0.247130695046137
32.1335997898132
20.8190628211014
37.8187866776988
51.1921902769245
11.3141337197136
17.7242245990783
40.9133456647396
15.8402104445535
28.8637433710232
16.8760415050201
74.706118737023
16.3868018309586
70.0651662424207
64.749638356446
19.8037954629399
20.0839842902496
31.4341373006028
17.1211880980991
46.6820907313377
1.78932363633066
42.1355367172509
16.1199825038704
1.86286934185773
9.33239666046575
27.5419640929965
35.8406849030718
17.3816851124769
48.9829310816124
20.3246324323118
21.7010041000322
